#reader(lib"read.ss""wxme")WXME0108 ## 
#|
   This file uses the GRacket editor format.
   Open this file in DrRacket version 6.2.1 or later to read it.

   Most likely, it was created by saving a program in DrRacket,
   and it probably contains a program with non-text elements
   (such as images or comment boxes).

            http://racket-lang.org/
|#
 32 7 #"wxtext\0"
3 1 6 #"wxtab\0"
1 1 8 #"wximage\0"
2 0 8 #"wxmedia\0"
4 1 34 #"(lib \"syntax-browser.ss\" \"mrlib\")\0"
1 0 16 #"drscheme:number\0"
3 0 44 #"(lib \"number-snip.ss\" \"drscheme\" \"private\")\0"
1 0 36 #"(lib \"comment-snip.ss\" \"framework\")\0"
1 0 93
(
 #"((lib \"collapsed-snipclass.ss\" \"framework\") (lib \"collapsed-sni"
 #"pclass-wxme.ss\" \"framework\"))\0"
) 0 0 43 #"(lib \"collapsed-snipclass.ss\" \"framework\")\0"
0 0 19 #"drscheme:sexp-snip\0"
0 0 36 #"(lib \"cache-image-snip.ss\" \"mrlib\")\0"
1 0 68
(
 #"((lib \"image-core.ss\" \"mrlib\") (lib \"image-core-wxme.rkt\" \"mr"
 #"lib\"))\0"
) 1 0 29 #"drscheme:bindings-snipclass%\0"
1 0 101
(
 #"((lib \"ellipsis-snip.rkt\" \"drracket\" \"private\") (lib \"ellipsi"
 #"s-snip-wxme.rkt\" \"drracket\" \"private\"))\0"
) 2 0 88
(
 #"((lib \"pict-snip.rkt\" \"drracket\" \"private\") (lib \"pict-snip.r"
 #"kt\" \"drracket\" \"private\"))\0"
) 0 0 34 #"(lib \"bullet-snip.rkt\" \"browser\")\0"
0 0 25 #"(lib \"matrix.ss\" \"htdp\")\0"
1 0 22 #"drscheme:lambda-snip%\0"
1 0 29 #"drclickable-string-snipclass\0"
0 0 26 #"drracket:spacer-snipclass\0"
0 0 57
#"(lib \"hrule-snip.rkt\" \"macro-debugger\" \"syntax-browser\")\0"
1 0 26 #"drscheme:pict-value-snip%\0"
0 0 45 #"(lib \"image-snipr.ss\" \"slideshow\" \"private\")\0"
1 0 38 #"(lib \"pict-snipclass.ss\" \"slideshow\")\0"
2 0 55 #"(lib \"vertical-separator-snip.ss\" \"stepper\" \"private\")\0"
1 0 18 #"drscheme:xml-snip\0"
1 0 31 #"(lib \"xml-snipclass.ss\" \"xml\")\0"
1 0 21 #"drscheme:scheme-snip\0"
2 0 34 #"(lib \"scheme-snipclass.ss\" \"xml\")\0"
1 0 10 #"text-box%\0"
1 0 32 #"(lib \"text-snipclass.ss\" \"xml\")\0"
1 0 1 6 #"wxloc\0"
          0 0 58 0 1 #"\0"
0 75 1 #"\0"
0 12 90 -1 90 -1 3 -1 0 1 0 1 0 0 0 0 0 0 0 0 0 0 0 255 255 255 1 -1 0 9
#"Standard\0"
0 75 12 #"Ubuntu Mono\0"
0 12 90 -1 90 -1 2 -1 0 1 0 1 0 0 0 0 0 0 0 0 0 0 0 255 255 255 1 -1 2 1
#"\0"
0 -1 1 #"\0"
1 0 -1 -1 -1 -1 -1 -1 0 0 0 0 0 0 1 1 1 1 1 1 0 0 0 0 0 0 -1 -1 2 24
#"framework:default-color\0"
0 -1 1 #"\0"
1 0 -1 -1 -1 -1 -1 -1 0 0 0 0 0 1 0 0 0 0 0 0 0 0 0 255 255 255 -1 -1 2
1 #"\0"
0 -1 1 #"\0"
1 0 -1 -1 -1 -1 -1 -1 0 0 0 0 0 0 0 0 0 1 1 1 150 0 150 0 0 0 -1 -1 2 15
#"text:ports out\0"
0 -1 1 #"\0"
1 0 -1 92 -1 93 -1 -1 0 1 0 0 0 0 0 0 0 1 1 1 150 0 150 0 0 0 -1 -1 2 1
#"\0"
0 -1 1 #"\0"
1.0 0 -1 -1 93 -1 -1 -1 0 0 0 0 0 0 0 0 0 1.0 1.0 1.0 255 0 0 0 0 0 -1
-1 2 15 #"text:ports err\0"
0 -1 1 #"\0"
1 0 -1 92 93 -1 -1 -1 0 1 0 0 0 0 0 0 0 1 1 1 255 0 0 0 0 0 -1 -1 2 1
#"\0"
0 -1 1 #"\0"
1 0 -1 -1 -1 -1 -1 -1 0 0 0 0 0 0 0 0 0 1 1 1 0 0 175 0 0 0 -1 -1 2 17
#"text:ports value\0"
0 -1 1 #"\0"
1 0 -1 92 -1 93 -1 -1 0 1 0 0 0 0 0 0 0 1 1 1 0 0 175 0 0 0 -1 -1 2 1
#"\0"
0 -1 1 #"\0"
1.0 0 92 -1 -1 -1 -1 -1 0 0 0 0 0 0 0 0 0 1.0 1.0 1.0 34 139 34 0 0 0 -1
-1 2 27 #"Matching Parenthesis Style\0"
0 -1 1 #"\0"
1.0 0 92 -1 -1 -1 -1 -1 0 0 0 0 0 0 0 0 0 1.0 1.0 1.0 34 139 34 0 0 0 -1
-1 2 1 #"\0"
0 -1 1 #"\0"
1 0 -1 92 -1 93 -1 -1 0 1 0 0 0 0 0 0 0 1 1 1 23 22 255 0 0 0 -1 -1 2 37
#"framework:syntax-color:scheme:symbol\0"
0 -1 1 #"\0"
1 0 -1 92 -1 93 -1 -1 0 1 0 0 0 0 0 0 0 1 1 1 23 22 255 0 0 0 -1 -1 2 1
#"\0"
0 -1 1 #"\0"
1 0 -1 92 -1 93 -1 -1 0 1 0 0 0 0 0 0 0 1 1 1 38 38 128 0 0 0 -1 -1 2 38
#"framework:syntax-color:scheme:keyword\0"
0 -1 1 #"\0"
1 0 -1 92 -1 93 -1 -1 0 1 0 0 0 0 0 0 0 1 1 1 38 38 128 0 0 0 -1 -1 2 1
#"\0"
0 -1 1 #"\0"
1 0 -1 92 -1 93 -1 -1 0 1 0 0 0 0 0 0 0 1 1 1 194 116 31 0 0 0 -1 -1 2
38 #"framework:syntax-color:scheme:comment\0"
0 -1 1 #"\0"
1 0 -1 92 -1 93 -1 -1 0 1 0 0 0 0 0 0 0 1 1 1 194 116 31 0 0 0 -1 -1 2 1
#"\0"
0 -1 1 #"\0"
1 0 -1 92 -1 93 -1 -1 0 1 0 0 0 0 0 0 0 1 1 1 41 128 38 0 0 0 -1 -1 2 37
#"framework:syntax-color:scheme:string\0"
0 -1 1 #"\0"
1 0 -1 92 -1 93 -1 -1 0 1 0 0 0 0 0 0 0 1 1 1 41 128 38 0 0 0 -1 -1 2 35
#"framework:syntax-color:scheme:text\0"
0 -1 1 #"\0"
1 0 -1 92 -1 93 -1 -1 0 1 0 0 0 0 0 0 0 1 1 1 41 128 38 0 0 0 -1 -1 2 39
#"framework:syntax-color:scheme:constant\0"
0 -1 1 #"\0"
1 0 -1 92 -1 93 -1 -1 0 1 0 0 0 0 0 0 0 1 1 1 41 128 38 0 0 0 -1 -1 2 1
#"\0"
0 -1 1 #"\0"
1 0 -1 92 -1 93 -1 -1 0 1 0 0 0 0 0 0 0 1 1 1 132 60 36 0 0 0 -1 -1 2 49
#"framework:syntax-color:scheme:hash-colon-keyword\0"
0 -1 1 #"\0"
1 0 -1 92 -1 93 -1 -1 0 1 0 0 0 0 0 0 0 1 1 1 132 60 36 0 0 0 -1 -1 2 42
#"framework:syntax-color:scheme:parenthesis\0"
0 -1 1 #"\0"
1 0 -1 92 -1 93 -1 -1 0 1 0 0 0 0 0 0 0 1 1 1 132 60 36 0 0 0 -1 -1 2 1
#"\0"
0 -1 1 #"\0"
1 0 -1 92 -1 93 -1 -1 0 1 0 0 0 0 0 0 0 1 1 1 255 0 0 0 0 0 -1 -1 2 36
#"framework:syntax-color:scheme:error\0"
0 -1 1 #"\0"
1 0 -1 92 -1 93 -1 -1 0 1 0 0 0 0 0 0 0 1 1 1 255 0 0 0 0 0 -1 -1 2 1
#"\0"
0 -1 1 #"\0"
1 0 -1 92 -1 93 -1 -1 0 1 0 0 0 0 0 0 0 1 1 1 0 0 0 0 0 0 -1 -1 2 36
#"framework:syntax-color:scheme:other\0"
0 -1 1 #"\0"
1 0 -1 92 -1 93 -1 -1 0 1 0 0 0 0 0 0 0 1 1 1 0 0 0 0 0 0 -1 -1 2 16
#"Misspelled Text\0"
0 -1 1 #"\0"
1 0 -1 -1 -1 -1 -1 -1 0 0 0 0 0 0 0 0 0 1 1 1 255 0 0 0 0 0 -1 -1 2 1
#"\0"
0 -1 1 #"\0"
1 0 -1 92 -1 93 -1 -1 0 1 0 0 0 0 0 0 0 1 1 1 81 112 203 0 0 0 -1 -1 2
38 #"drracket:check-syntax:lexically-bound\0"
0 -1 1 #"\0"
1 0 -1 92 -1 93 -1 -1 0 1 0 0 0 0 0 0 0 1 1 1 81 112 203 0 0 0 -1 -1 2 1
#"\0"
0 -1 1 #"\0"
1 0 -1 92 -1 93 -1 -1 0 1 0 0 0 0 0 0 0 1 1 1 178 34 34 0 0 0 -1 -1 2 28
#"drracket:check-syntax:set!d\0"
0 -1 1 #"\0"
1 0 -1 92 -1 93 -1 -1 0 1 0 0 0 0 0 0 0 1 1 1 178 34 34 0 0 0 -1 -1 2 37
#"drracket:check-syntax:unused-require\0"
0 -1 1 #"\0"
1 0 -1 92 -1 93 -1 -1 0 1 0 0 0 0 0 0 0 1 1 1 255 0 0 0 0 0 -1 -1 2 36
#"drracket:check-syntax:free-variable\0"
0 -1 1 #"\0"
1 0 -1 92 -1 93 -1 -1 0 1 0 0 0 0 0 0 0 1 1 1 255 0 0 0 0 0 -1 -1 2 1
#"\0"
0 -1 1 #"\0"
1 0 -1 92 -1 93 -1 -1 0 1 0 0 0 0 0 0 0 1 1 1 68 0 203 0 0 0 -1 -1 2 31
#"drracket:check-syntax:imported\0"
0 -1 1 #"\0"
1 0 -1 92 -1 93 -1 -1 0 1 0 0 0 0 0 0 0 1 1 1 68 0 203 0 0 0 -1 -1 2 47
#"drracket:check-syntax:my-obligation-style-pref\0"
0 -1 1 #"\0"
1 0 -1 92 -1 93 -1 -1 0 1 0 0 0 0 0 0 0 1 1 1 178 34 34 0 0 0 -1 -1 2 1
#"\0"
0 -1 1 #"\0"
1 0 -1 92 -1 93 -1 -1 0 1 0 0 0 0 0 0 0 1 1 1 0 116 0 0 0 0 -1 -1 2 50
#"drracket:check-syntax:their-obligation-style-pref\0"
0 -1 1 #"\0"
1 0 -1 92 -1 93 -1 -1 0 1 0 0 0 0 0 0 0 1 1 1 0 116 0 0 0 0 -1 -1 2 48
#"drracket:check-syntax:unk-obligation-style-pref\0"
0 -1 1 #"\0"
1 0 -1 92 -1 93 -1 -1 0 1 0 0 0 0 0 0 0 1 1 1 0 0 0 0 0 0 -1 -1 2 1
#"\0"
0 -1 1 #"\0"
1 0 -1 92 -1 93 -1 -1 0 1 0 0 0 0 0 0 0 1 1 1 139 142 28 0 0 0 -1 -1 2
49 #"drracket:check-syntax:both-obligation-style-pref\0"
0 -1 1 #"\0"
1 0 -1 92 -1 93 -1 -1 0 1 0 0 0 0 0 0 0 1 1 1 139 142 28 0 0 0 -1 -1 2
26 #"plt:htdp:test-coverage-on\0"
0 -1 1 #"\0"
1 0 -1 92 -1 93 -1 -1 0 1 0 0 0 0 0 0 0 1 1 1 0 0 0 0 0 0 -1 -1 2 1
#"\0"
0 -1 1 #"\0"
1 0 -1 92 -1 93 -1 -1 0 1 0 0 0 1 0 0 0 0 0 0 255 165 0 0 0 0 -1 -1 2 27
#"plt:htdp:test-coverage-off\0"
0 -1 1 #"\0"
1 0 -1 92 -1 93 -1 -1 0 1 0 0 0 1 0 0 0 0 0 0 255 165 0 0 0 0 -1 -1 4 1
#"\0"
0 70 1 #"\0"
1.0 0 -1 -1 -1 -1 -1 -1 0 0 0 0 0 0 1.0 1.0 1.0 1.0 1.0 1.0 0 0 0 0 0 0
-1 -1 4 4 #"XML\0"
0 70 1 #"\0"
1.0 0 -1 -1 -1 -1 -1 -1 0 0 0 0 0 0 1.0 1.0 1.0 1.0 1.0 1.0 0 0 0 0 0 0
-1 -1 2 37 #"plt:module-language:test-coverage-on\0"
0 -1 1 #"\0"
1 0 -1 92 -1 93 -1 -1 0 1 0 0 0 0 0 0 0 1 1 1 0 0 0 0 0 0 -1 -1 2 38
#"plt:module-language:test-coverage-off\0"
0 -1 1 #"\0"
1 0 -1 92 -1 93 -1 -1 0 1 0 0 0 1 0 0 0 0 0 0 255 165 0 0 0 0 -1 -1 4 1
#"\0"
0 71 1 #"\0"
1.0 0 -1 -1 -1 -1 -1 -1 0 0 0 0 0 0 1.0 1.0 1.0 1.0 1.0 1.0 0 0 0 0 0 0
-1 -1 4 1 #"\0"
0 -1 1 #"\0"
1.0 0 -1 -1 -1 -1 -1 -1 1 0 0 0 0 0 0 0 0 1.0 1.0 1.0 0 0 255 0 0 0 -1
-1 4 1 #"\0"
0 71 1 #"\0"
1.0 0 -1 -1 -1 -1 -1 -1 1 0 0 0 0 0 0 0 0 1.0 1.0 1.0 0 0 255 0 0 0 -1
-1 4 1 #"\0"
0 71 1 #"\0"
1.0 0 -1 -1 -1 -1 -1 -1 0 0 0 0 0 0 0 0 0 1.0 1.0 1.0 0 100 0 0 0 0 -1
-1 2 1 #"\0"
0 -1 1 #"\0"
1.0 0 -1 -1 -1 -1 -1 -1 1 0 0 0 0 0 1.0 1.0 1.0 1.0 1.0 1.0 0 0 0 0 0 0
-1 -1 2 1 #"\0"
0 -1 1 #"\0"
1.0 0 -1 -1 -1 -1 -1 -1 1 0 0 0 0 0 0 0 0 1.0 1.0 1.0 65 105 225 0 0 0
-1 -1           0 3350 0 4 3 85
(
 #";; The first three lines of this file were inserted by DrRacket. The"
 #"y record metadata"
) 0 0 4 29 1 #"\n"
0 0 4 3 85
(
 #";; about the language level of this file in a form that our tools ca"
 #"n easily process."
) 0 0 4 29 1 #"\n"
0 0 4 3 203
(
 #"#reader(lib \"htdp-intermediate-lambda-reader.ss\" \"lang\")((modnam"
 #"e |#frogger (completed)|) (read-case-sensitive #t) (teachpacks ()) ("
 #"htdp-settings #(#t constructor repeating-decimal #f #t none #f () #f"
 #")))"
) 0 0 4 29 1 #"\n"
0 0 25 3 1 #"("
0 0 16 3 7 #"require"
0 0 25 3 1 #" "
0 0 14 3 11 #"2htdp/image"
0 0 25 3 1 #")"
0 0 25 29 1 #"\n"
0 0 25 3 1 #"("
0 0 16 3 7 #"require"
0 0 25 3 1 #" "
0 0 14 3 14 #"2htdp/universe"
0 0 25 3 1 #")"
0 0 25 29 1 #"\n"
0 0 25 29 1 #"\n"
0 0 18 3 30 #";; Problem Set 7 (Hopper Game)"
0 0 25 29 1 #"\n"
0 0 18 3 11 #";; Group 14"
0 0 25 29 1 #"\n"
0 0 18 3 18 #";; George Abinader"
0 0 25 29 1 #"\n"
0 0 18 3 13 #";; Nilu Nixon"
0 0 25 29 1 #"\n"
0 0 25 29 1 #"\n"
0 0 18 3 19 #";; Data Definitions"
0 0 25 29 1 #"\n"
0 0 25 29 1 #"\n"
0 0 18 3 54 #";; A Player is a (make-player Number Number Direction)"
0 0 25 29 1 #"\n"
0 0 25 29 1 #"\n"
0 0 25 3 1 #"("
0 0 16 3 13 #"define-struct"
0 0 25 3 1 #" "
0 0 14 3 6 #"player"
0 0 25 3 2 #" ("
0 0 14 3 1 #"x"
0 0 25 3 1 #" "
0 0 14 3 1 #"y"
0 0 25 3 1 #" "
0 0 14 3 3 #"dir"
0 0 25 3 2 #"))"
0 0 25 29 1 #"\n"
0 0 25 29 1 #"\n"
0 0 18 3 33 #";; A Players Direction is one of:"
0 0 25 29 1 #"\n"
0 0 25 29 1 #"\n"
0 0 18 3 10 #";; - 'left"
0 0 25 29 1 #"\n"
0 0 25 29 1 #"\n"
0 0 18 3 11 #";; - 'right"
0 0 25 29 1 #"\n"
0 0 25 29 1 #"\n"
0 0 18 3 9 #";; - 'up'"
0 0 25 29 1 #"\n"
0 0 25 29 1 #"\n"
0 0 18 3 10 #";; - 'down"
0 0 25 29 1 #"\n"
0 0 25 29 1 #"\n"
0 0 18 3 63
#";; A Vehicle is a (make-vehicle Number Number Direction Symbol)"
0 0 25 29 1 #"\n"
0 0 25 29 1 #"\n"
0 0 25 3 1 #"("
0 0 16 3 13 #"define-struct"
0 0 25 3 1 #" "
0 0 14 3 7 #"vehicle"
0 0 25 3 2 #" ("
0 0 14 3 1 #"x"
0 0 25 3 1 #" "
0 0 14 3 1 #"y"
0 0 25 3 1 #" "
0 0 14 3 3 #"dir"
0 0 25 3 1 #" "
0 0 14 3 4 #"type"
0 0 25 3 2 #"))"
0 0 25 29 1 #"\n"
0 0 25 29 1 #"\n"
0 0 18 3 33 #";; A Vehicle Direction is one of:"
0 0 25 29 1 #"\n"
0 0 25 29 1 #"\n"
0 0 18 3 10 #";; - 'left"
0 0 25 29 1 #"\n"
0 0 25 29 1 #"\n"
0 0 18 3 11 #";; - 'right"
0 0 25 29 1 #"\n"
0 0 25 29 1 #"\n"
0 0 18 3 28 #";; A Vehicle Type is one of:"
0 0 25 29 1 #"\n"
0 0 25 29 1 #"\n"
0 0 18 3 11 #";; - 'truck"
0 0 25 29 1 #"\n"
0 0 25 29 1 #"\n"
0 0 18 3 11 #";; - 'plank"
0 0 25 29 1 #"\n"
0 0 25 29 1 #"\n"
0 0 18 3 12 #";; - 'turtle"
0 0 25 29 1 #"\n"
0 0 25 29 1 #"\n"
0 0 18 3 38 #";; A Set of Vehicles (VSet) is one of:"
0 0 25 29 1 #"\n"
0 0 25 29 1 #"\n"
0 0 18 3 10 #";; - empty"
0 0 25 29 1 #"\n"
0 0 25 29 1 #"\n"
0 0 18 3 24 #";; - (cons Vehicle VSet)"
0 0 25 29 1 #"\n"
0 0 25 29 1 #"\n"
0 0 18 3 40 #";; A World is a (make-world Player VSet)"
0 0 25 29 1 #"\n"
0 0 25 29 1 #"\n"
0 0 18 3 67
#";; The VSet represents the set of vehicles moving across the screen"
0 0 25 29 1 #"\n"
0 0 25 29 1 #"\n"
0 0 25 3 1 #"("
0 0 16 3 13 #"define-struct"
0 0 25 3 1 #" "
0 0 14 3 5 #"world"
0 0 25 3 2 #" ("
0 0 14 3 6 #"player"
0 0 25 3 1 #" "
0 0 14 3 8 #"vehicles"
0 0 25 3 2 #"))"
0 0 25 29 1 #"\n"
0 0 25 29 1 #"\n"
0 0 18 3 20 #";; A Frog is one of:"
0 0 25 29 1 #"\n"
0 0 25 29 1 #"\n"
0 0 18 3 10 #";; - FROGU"
0 0 25 29 1 #"\n"
0 0 25 29 1 #"\n"
0 0 18 3 10 #";; - FROGD"
0 0 25 29 1 #"\n"
0 0 25 29 1 #"\n"
0 0 18 3 10 #";; - FROGR"
0 0 25 29 1 #"\n"
0 0 25 29 1 #"\n"
0 0 18 3 10 #";; - FROGL"
0 0 25 29 1 #"\n"
0 0 25 29 1 #"\n"
0 0 18 3 12 #";; Problem 1"
0 0 25 29 1 #"\n"
0 0 25 29 1 #"\n"
0 0 18 3 12 #";; Constants"
0 0 25 29 1 #"\n"
0 0 25 29 1 #"\n"
0 0 18 3 26 #";;;;; SPEED OF TRAFFIC ;;;"
0 0 25 29 1 #"\n"
0 0 25 3 1 #"("
0 0 16 3 6 #"define"
0 0 25 3 1 #" "
0 0 14 3 13 #"TRAFFIC-SPEED"
0 0 25 3 1 #" "
0 0 22 3 1 #"6"
0 0 25 3 2 #") "
0 0 18 3 1 #";"
0 0 25 29 1 #"\n"
0 0 18 3 26 #";;;;;;;;;;;;;;;;;;;;;;;;;;"
0 0 25 29 1 #"\n"
0 0 25 29 1 #"\n"
0 0 25 3 1 #"("
0 0 16 3 6 #"define"
0 0 25 3 1 #" "
0 0 14 3 14 #"INITIAL-PLAYER"
0 0 25 3 2 #" ("
0 0 14 3 11 #"make-player"
0 0 25 3 1 #" "
0 0 22 3 3 #"250"
0 0 25 3 1 #" "
0 0 22 3 7 #"293.659"
0 0 25 3 1 #" "
0 0 22 3 1 #"'"
0 0 14 3 2 #"up"
0 0 25 3 2 #"))"
0 0 25 29 1 #"\n"
0 0 25 3 1 #"("
0 0 16 3 6 #"define"
0 0 25 3 1 #" "
0 0 14 3 5 #"TRUCK"
0 0 25 3 2 #" ("
0 0 14 3 9 #"rectangle"
0 0 25 3 1 #" "
0 0 22 3 2 #"30"
0 0 25 3 1 #" "
0 0 22 3 2 #"15"
0 0 25 3 1 #" "
0 0 20 3 7 #"\"solid\""
0 0 25 3 1 #" "
0 0 20 3 7 #"\"black\""
0 0 25 3 2 #"))"
0 0 25 29 1 #"\n"
0 0 25 3 1 #"("
0 0 16 3 6 #"define"
0 0 25 3 1 #" "
0 0 14 3 5 #"PLANK"
0 0 25 3 2 #" ("
0 0 14 3 9 #"rectangle"
0 0 25 3 1 #" "
0 0 22 3 2 #"60"
0 0 25 3 1 #" "
0 0 22 3 2 #"15"
0 0 25 3 1 #" "
0 0 20 3 9 #"\"outline\""
0 0 25 3 1 #" "
0 0 20 3 7 #"\"brown\""
0 0 25 3 2 #"))"
0 0 25 29 1 #"\n"
0 0 25 3 1 #"("
0 0 16 3 6 #"define"
0 0 25 3 1 #" "
0 0 14 3 6 #"TURTLE"
0 0 25 3 2 #" ("
0 0 14 3 10 #"overlay/xy"
0 0 25 3 2 #" ("
0 0 14 3 7 #"ellipse"
0 0 25 3 1 #" "
0 0 22 3 2 #"30"
0 0 25 3 1 #" "
0 0 22 3 2 #"20"
0 0 25 3 1 #" "
0 0 20 3 9 #"\"outline\""
0 0 25 3 1 #" "
0 0 20 3 7 #"\"green\""
0 0 25 3 1 #")"
0 0 25 29 1 #"\n"
0 0 25 3 27 #"                           "
0 0 22 3 2 #"30"
0 0 25 3 1 #" "
0 0 22 3 1 #"0"
0 0 25 29 1 #"\n"
0 0 25 3 28 #"                           ("
0 0 14 3 7 #"ellipse"
0 0 25 3 1 #" "
0 0 22 3 2 #"30"
0 0 25 3 1 #" "
0 0 22 3 2 #"20"
0 0 25 3 1 #" "
0 0 20 3 9 #"\"outline\""
0 0 25 3 1 #" "
0 0 20 3 7 #"\"green\""
0 0 25 3 3 #")))"
0 0 25 29 1 #"\n"
0 0 25 3 1 #"("
0 0 16 3 6 #"define"
0 0 25 3 1 #" "
0 0 14 3 5 #"FROGU"
0 0 25 3 2 #" ("
0 0 14 3 8 #"triangle"
0 0 25 3 1 #" "
0 0 22 3 6 #"11.547"
0 0 25 3 1 #" "
0 0 20 3 7 #"\"solid\""
0 0 25 3 1 #" "
0 0 20 3 7 #"\"green\""
0 0 25 3 2 #"))"
0 0 25 29 1 #"\n"
0 0 25 3 1 #"("
0 0 16 3 6 #"define"
0 0 25 3 1 #" "
0 0 14 3 5 #"FROGR"
0 0 25 3 2 #" ("
0 0 14 3 6 #"rotate"
0 0 25 3 1 #" "
0 0 22 3 3 #"270"
0 0 25 3 2 #" ("
0 0 14 3 8 #"triangle"
0 0 25 3 1 #" "
0 0 22 3 6 #"11.547"
0 0 25 3 1 #" "
0 0 20 3 7 #"\"solid\""
0 0 25 3 1 #" "
0 0 20 3 7 #"\"green\""
0 0 25 3 3 #")))"
0 0 25 29 1 #"\n"
0 0 25 3 1 #"("
0 0 16 3 6 #"define"
0 0 25 3 1 #" "
0 0 14 3 5 #"FROGL"
0 0 25 3 2 #" ("
0 0 14 3 6 #"rotate"
0 0 25 3 1 #" "
0 0 22 3 2 #"90"
0 0 25 3 2 #" ("
0 0 14 3 8 #"triangle"
0 0 25 3 1 #" "
0 0 22 3 6 #"11.547"
0 0 25 3 1 #" "
0 0 20 3 7 #"\"solid\""
0 0 25 3 1 #" "
0 0 20 3 7 #"\"green\""
0 0 25 3 3 #")))"
0 0 25 29 1 #"\n"
0 0 25 3 1 #"("
0 0 16 3 6 #"define"
0 0 25 3 1 #" "
0 0 14 3 5 #"FROGD"
0 0 25 3 2 #" ("
0 0 14 3 6 #"rotate"
0 0 25 3 1 #" "
0 0 22 3 3 #"180"
0 0 25 3 2 #" ("
0 0 14 3 8 #"triangle"
0 0 25 3 1 #" "
0 0 22 3 6 #"11.547"
0 0 25 3 1 #" "
0 0 20 3 7 #"\"solid\""
0 0 25 3 1 #" "
0 0 20 3 7 #"\"green\""
0 0 25 3 3 #")))"
0 0 25 29 1 #"\n"
0 0 25 3 1 #"("
0 0 16 3 6 #"define"
0 0 25 3 1 #" "
0 0 14 3 11 #"FROG-HEIGHT"
0 0 25 3 1 #" "
0 0 22 3 2 #"10"
0 0 25 3 1 #")"
0 0 25 29 1 #"\n"
0 0 18 3 71
(
 #";;;; these functions are needed to define the VSet with build-list ;"
 #";;;"
) 0 0 25 29 1 #"\n"
0 0 25 3 1 #"("
0 0 16 3 6 #"define"
0 0 25 3 2 #" ("
0 0 14 3 8 #"build-l1"
0 0 25 3 1 #" "
0 0 14 3 1 #"n"
0 0 25 3 41 #")                                        "
0 0 25 29 1 #"\n"
0 0 25 3 3 #"  ("
0 0 14 3 12 #"make-vehicle"
0 0 25 3 2 #" ("
0 0 14 3 1 #"+"
0 0 25 3 1 #" "
0 0 22 3 2 #"15"
0 0 25 3 2 #" ("
0 0 14 3 1 #"*"
0 0 25 3 1 #" "
0 0 14 3 1 #"n"
0 0 25 3 1 #" "
0 0 22 3 3 #"156"
0 0 25 3 3 #")) "
0 0 22 3 7 #"269.719"
0 0 25 3 1 #" "
0 0 22 3 1 #"'"
0 0 14 3 4 #"left"
0 0 25 3 1 #" "
0 0 22 3 1 #"'"
0 0 14 3 5 #"truck"
0 0 25 3 7 #"))     "
0 0 25 29 1 #"\n"
0 0 25 3 1 #"("
0 0 16 3 6 #"define"
0 0 25 3 2 #" ("
0 0 14 3 8 #"build-r1"
0 0 25 3 1 #" "
0 0 14 3 1 #"n"
0 0 25 3 41 #")                                        "
0 0 25 29 1 #"\n"
0 0 25 3 3 #"  ("
0 0 14 3 12 #"make-vehicle"
0 0 25 3 2 #" ("
0 0 14 3 1 #"+"
0 0 25 3 1 #" "
0 0 22 3 2 #"15"
0 0 25 3 2 #" ("
0 0 14 3 1 #"*"
0 0 25 3 1 #" "
0 0 14 3 1 #"n"
0 0 25 3 1 #" "
0 0 22 3 3 #"156"
0 0 25 3 3 #")) "
0 0 22 3 7 #"245.779"
0 0 25 3 1 #" "
0 0 22 3 1 #"'"
0 0 14 3 5 #"right"
0 0 25 3 1 #" "
0 0 22 3 1 #"'"
0 0 14 3 5 #"truck"
0 0 25 3 6 #"))    "
0 0 25 29 1 #"\n"
0 0 25 3 1 #"("
0 0 16 3 6 #"define"
0 0 25 3 2 #" ("
0 0 14 3 8 #"build-l2"
0 0 25 3 1 #" "
0 0 14 3 1 #"n"
0 0 25 3 41 #")                                        "
0 0 25 29 1 #"\n"
0 0 25 3 3 #"  ("
0 0 14 3 12 #"make-vehicle"
0 0 25 3 2 #" ("
0 0 14 3 1 #"+"
0 0 25 3 1 #" "
0 0 22 3 2 #"15"
0 0 25 3 2 #" ("
0 0 14 3 1 #"*"
0 0 25 3 1 #" "
0 0 14 3 1 #"n"
0 0 25 3 1 #" "
0 0 22 3 3 #"156"
0 0 25 3 3 #")) "
0 0 22 3 7 #"221.839"
0 0 25 3 1 #" "
0 0 22 3 1 #"'"
0 0 14 3 4 #"left"
0 0 25 3 1 #" "
0 0 22 3 1 #"'"
0 0 14 3 5 #"truck"
0 0 25 3 7 #"))     "
0 0 25 29 1 #"\n"
0 0 25 3 1 #"("
0 0 16 3 6 #"define"
0 0 25 3 2 #" ("
0 0 14 3 8 #"build-r2"
0 0 25 3 1 #" "
0 0 14 3 1 #"n"
0 0 25 3 41 #")                                        "
0 0 25 29 1 #"\n"
0 0 25 3 3 #"  ("
0 0 14 3 12 #"make-vehicle"
0 0 25 3 2 #" ("
0 0 14 3 1 #"+"
0 0 25 3 1 #" "
0 0 22 3 2 #"15"
0 0 25 3 2 #" ("
0 0 14 3 1 #"*"
0 0 25 3 1 #" "
0 0 14 3 1 #"n"
0 0 25 3 1 #" "
0 0 22 3 3 #"156"
0 0 25 3 3 #")) "
0 0 22 3 7 #"197.889"
0 0 25 3 1 #" "
0 0 22 3 1 #"'"
0 0 14 3 5 #"right"
0 0 25 3 1 #" "
0 0 22 3 1 #"'"
0 0 14 3 5 #"truck"
0 0 25 3 6 #"))    "
0 0 25 29 1 #"\n"
0 0 25 3 1 #"("
0 0 16 3 6 #"define"
0 0 25 3 2 #" ("
0 0 14 3 8 #"build-l3"
0 0 25 3 1 #" "
0 0 14 3 1 #"n"
0 0 25 3 41 #")                                        "
0 0 25 29 1 #"\n"
0 0 25 3 3 #"  ("
0 0 14 3 12 #"make-vehicle"
0 0 25 3 2 #" ("
0 0 14 3 1 #"+"
0 0 25 3 1 #" "
0 0 22 3 2 #"15"
0 0 25 3 2 #" ("
0 0 14 3 1 #"*"
0 0 25 3 1 #" "
0 0 14 3 1 #"n"
0 0 25 3 1 #" "
0 0 22 3 3 #"156"
0 0 25 3 3 #")) "
0 0 22 3 7 #"173.959"
0 0 25 3 1 #" "
0 0 22 3 1 #"'"
0 0 14 3 4 #"left"
0 0 25 3 1 #" "
0 0 22 3 1 #"'"
0 0 14 3 5 #"truck"
0 0 25 3 7 #"))     "
0 0 25 29 1 #"\n"
0 0 25 3 1 #"("
0 0 16 3 6 #"define"
0 0 25 3 2 #" ("
0 0 14 3 9 #"build-rr1"
0 0 25 3 1 #" "
0 0 14 3 1 #"n"
0 0 25 3 40 #")                                       "
0 0 25 29 1 #"\n"
0 0 25 3 3 #"  ("
0 0 14 3 12 #"make-vehicle"
0 0 25 3 2 #" ("
0 0 14 3 1 #"+"
0 0 25 3 1 #" "
0 0 22 3 2 #"15"
0 0 25 3 2 #" ("
0 0 14 3 1 #"*"
0 0 25 3 1 #" "
0 0 14 3 1 #"n"
0 0 25 3 1 #" "
0 0 22 3 3 #"156"
0 0 25 3 3 #")) "
0 0 22 3 7 #"126.079"
0 0 25 3 1 #" "
0 0 22 3 1 #"'"
0 0 14 3 5 #"right"
0 0 25 3 1 #" "
0 0 22 3 1 #"'"
0 0 14 3 6 #"turtle"
0 0 25 3 5 #"))   "
0 0 25 29 1 #"\n"
0 0 25 3 1 #"("
0 0 16 3 6 #"define"
0 0 25 3 2 #" ("
0 0 14 3 9 #"build-rl1"
0 0 25 3 1 #" "
0 0 14 3 1 #"n"
0 0 25 3 40 #")                                       "
0 0 25 29 1 #"\n"
0 0 25 3 3 #"  ("
0 0 14 3 12 #"make-vehicle"
0 0 25 3 2 #" ("
0 0 14 3 1 #"+"
0 0 25 3 1 #" "
0 0 22 3 2 #"15"
0 0 25 3 2 #" ("
0 0 14 3 1 #"*"
0 0 25 3 1 #" "
0 0 14 3 1 #"n"
0 0 25 3 1 #" "
0 0 22 3 3 #"156"
0 0 25 3 3 #")) "
0 0 22 3 7 #"102.139"
0 0 25 3 1 #" "
0 0 22 3 1 #"'"
0 0 14 3 4 #"left"
0 0 25 3 1 #" "
0 0 22 3 1 #"'"
0 0 14 3 5 #"plank"
0 0 25 3 7 #"))     "
0 0 25 29 1 #"\n"
0 0 25 3 1 #"("
0 0 16 3 6 #"define"
0 0 25 3 2 #" ("
0 0 14 3 9 #"build-rr2"
0 0 25 3 1 #" "
0 0 14 3 1 #"n"
0 0 25 3 40 #")                                       "
0 0 25 29 1 #"\n"
0 0 25 3 3 #"  ("
0 0 14 3 12 #"make-vehicle"
0 0 25 3 2 #" ("
0 0 14 3 1 #"+"
0 0 25 3 1 #" "
0 0 22 3 2 #"15"
0 0 25 3 2 #" ("
0 0 14 3 1 #"*"
0 0 25 3 1 #" "
0 0 14 3 1 #"n"
0 0 25 3 1 #" "
0 0 22 3 3 #"156"
0 0 25 3 3 #")) "
0 0 22 3 6 #"78.199"
0 0 25 3 1 #" "
0 0 22 3 1 #"'"
0 0 14 3 5 #"right"
0 0 25 3 1 #" "
0 0 22 3 1 #"'"
0 0 14 3 5 #"plank"
0 0 25 3 7 #"))     "
0 0 25 29 1 #"\n"
0 0 25 3 1 #"("
0 0 16 3 6 #"define"
0 0 25 3 2 #" ("
0 0 14 3 9 #"build-rl2"
0 0 25 3 1 #" "
0 0 14 3 1 #"n"
0 0 25 3 40 #")                                       "
0 0 25 29 1 #"\n"
0 0 25 3 3 #"  ("
0 0 14 3 12 #"make-vehicle"
0 0 25 3 2 #" ("
0 0 14 3 1 #"+"
0 0 25 3 1 #" "
0 0 22 3 2 #"15"
0 0 25 3 2 #" ("
0 0 14 3 1 #"*"
0 0 25 3 1 #" "
0 0 14 3 1 #"n"
0 0 25 3 1 #" "
0 0 22 3 3 #"156"
0 0 25 3 3 #")) "
0 0 22 3 6 #"54.259"
0 0 25 3 1 #" "
0 0 22 3 1 #"'"
0 0 14 3 4 #"left"
0 0 25 3 1 #" "
0 0 22 3 1 #"'"
0 0 14 3 6 #"turtle"
0 0 25 3 7 #"))     "
0 0 25 29 1 #"\n"
0 0 25 3 1 #"("
0 0 16 3 6 #"define"
0 0 25 3 2 #" ("
0 0 14 3 9 #"build-rr3"
0 0 25 3 1 #" "
0 0 14 3 1 #"n"
0 0 25 3 40 #")                                       "
0 0 25 29 1 #"\n"
0 0 25 3 3 #"  ("
0 0 14 3 12 #"make-vehicle"
0 0 25 3 2 #" ("
0 0 14 3 1 #"+"
0 0 25 3 1 #" "
0 0 22 3 2 #"15"
0 0 25 3 2 #" ("
0 0 14 3 1 #"*"
0 0 25 3 1 #" "
0 0 14 3 1 #"n"
0 0 25 3 1 #" "
0 0 22 3 3 #"156"
0 0 25 3 3 #")) "
0 0 22 3 6 #"30.319"
0 0 25 3 1 #" "
0 0 22 3 1 #"'"
0 0 14 3 5 #"right"
0 0 25 3 1 #" "
0 0 22 3 1 #"'"
0 0 14 3 5 #"plank"
0 0 25 3 7 #"))     "
0 0 25 29 1 #"\n"
0 0 25 3 1 #"("
0 0 16 3 6 #"define"
0 0 25 3 1 #" "
0 0 14 3 4 #"VSET"
0 0 25 3 2 #"  "
0 0 25 29 1 #"\n"
0 0 25 3 3 #"  ("
0 0 14 3 6 #"append"
0 0 25 3 2 #" ("
0 0 14 3 10 #"build-list"
0 0 25 3 1 #" "
0 0 22 3 1 #"4"
0 0 25 3 1 #" "
0 0 14 3 8 #"build-l1"
0 0 25 3 3 #") ("
0 0 14 3 10 #"build-list"
0 0 25 3 1 #" "
0 0 22 3 1 #"4"
0 0 25 3 1 #" "
0 0 14 3 8 #"build-r1"
0 0 25 3 1 #")"
0 0 25 29 1 #"\n"
0 0 25 3 11 #"          ("
0 0 14 3 10 #"build-list"
0 0 25 3 1 #" "
0 0 22 3 1 #"4"
0 0 25 3 1 #" "
0 0 14 3 8 #"build-l2"
0 0 25 3 3 #") ("
0 0 14 3 10 #"build-list"
0 0 25 3 1 #" "
0 0 22 3 1 #"4"
0 0 25 3 1 #" "
0 0 14 3 8 #"build-r2"
0 0 25 3 2 #") "
0 0 25 29 1 #"\n"
0 0 25 3 11 #"          ("
0 0 14 3 10 #"build-list"
0 0 25 3 1 #" "
0 0 22 3 1 #"4"
0 0 25 3 1 #" "
0 0 14 3 8 #"build-l3"
0 0 25 3 3 #") ("
0 0 14 3 10 #"build-list"
0 0 25 3 1 #" "
0 0 22 3 1 #"4"
0 0 25 3 1 #" "
0 0 14 3 9 #"build-rr1"
0 0 25 3 1 #")"
0 0 25 29 1 #"\n"
0 0 25 3 11 #"          ("
0 0 14 3 10 #"build-list"
0 0 25 3 1 #" "
0 0 22 3 1 #"4"
0 0 25 3 1 #" "
0 0 14 3 9 #"build-rl1"
0 0 25 3 3 #") ("
0 0 14 3 10 #"build-list"
0 0 25 3 1 #" "
0 0 22 3 1 #"4"
0 0 25 3 1 #" "
0 0 14 3 9 #"build-rr2"
0 0 25 3 1 #")"
0 0 25 29 1 #"\n"
0 0 25 3 11 #"          ("
0 0 14 3 10 #"build-list"
0 0 25 3 1 #" "
0 0 22 3 1 #"4"
0 0 25 3 1 #" "
0 0 14 3 9 #"build-rl2"
0 0 25 3 3 #") ("
0 0 14 3 10 #"build-list"
0 0 25 3 1 #" "
0 0 22 3 1 #"4"
0 0 25 3 1 #" "
0 0 14 3 9 #"build-rr3"
0 0 25 3 3 #")))"
0 0 25 29 1 #"\n"
0 0 18 3 71
(
 #";;;;                                                               ;"
 #";;;"
) 0 0 25 29 1 #"\n"
0 0 25 3 1 #"("
0 0 16 3 6 #"define"
0 0 25 3 1 #" "
0 0 14 3 9 #"STEP-LEFT"
0 0 25 3 1 #" "
0 0 22 3 2 #"21"
0 0 25 3 1 #")"
0 0 25 29 1 #"\n"
0 0 25 3 1 #"("
0 0 16 3 6 #"define"
0 0 25 3 1 #" "
0 0 14 3 10 #"STEP-RIGHT"
0 0 25 3 1 #" "
0 0 22 3 2 #"21"
0 0 25 3 1 #")"
0 0 25 29 1 #"\n"
0 0 25 3 1 #"("
0 0 16 3 6 #"define"
0 0 25 3 1 #" "
0 0 14 3 7 #"STEP-UP"
0 0 25 3 1 #" "
0 0 22 3 5 #"23.94"
0 0 25 3 1 #")"
0 0 25 29 1 #"\n"
0 0 25 3 1 #"("
0 0 16 3 6 #"define"
0 0 25 3 1 #" "
0 0 14 3 9 #"STEP-DOWN"
0 0 25 3 1 #" "
0 0 22 3 5 #"23.94"
0 0 25 3 1 #")"
0 0 25 29 1 #"\n"
0 0 25 3 1 #"("
0 0 16 3 6 #"define"
0 0 25 3 1 #" "
0 0 14 3 25 #"Y-PROXIMITY-FOR-COLLISION"
0 0 25 3 1 #" "
0 0 22 3 1 #"2"
0 0 25 3 1 #")"
0 0 25 29 1 #"\n"
0 0 25 3 1 #"("
0 0 16 3 6 #"define"
0 0 25 3 1 #" "
0 0 14 3 25 #"X-PROXIMITY-FOR-COLLISION"
0 0 25 3 1 #" "
0 0 22 3 2 #"20"
0 0 25 3 1 #")"
0 0 25 29 1 #"\n"
0 0 25 3 1 #"("
0 0 16 3 6 #"define"
0 0 25 3 1 #" "
0 0 14 3 3 #"TOP"
0 0 25 3 1 #" "
0 0 22 3 5 #"23.95"
0 0 25 3 1 #")"
0 0 25 29 1 #"\n"
0 0 25 3 1 #"("
0 0 16 3 6 #"define"
0 0 25 3 1 #" "
0 0 14 3 11 #"WORLD-WIDTH"
0 0 25 3 1 #" "
0 0 22 3 3 #"500"
0 0 25 3 1 #")"
0 0 25 29 1 #"\n"
0 0 25 3 1 #"("
0 0 16 3 6 #"define"
0 0 25 3 1 #" "
0 0 14 3 12 #"WORLD-HEIGHT"
0 0 25 3 1 #" "
0 0 22 3 7 #"299.659"
0 0 25 3 1 #")"
0 0 25 29 1 #"\n"
0 0 25 3 1 #"("
0 0 16 3 6 #"define"
0 0 25 3 1 #" "
0 0 14 3 17 #"HALF-WORLD-HEIGHT"
0 0 25 3 2 #" ("
0 0 14 3 1 #"/"
0 0 25 3 1 #" "
0 0 14 3 12 #"WORLD-HEIGHT"
0 0 25 3 1 #" "
0 0 22 3 1 #"2"
0 0 25 3 2 #"))"
0 0 25 29 1 #"\n"
0 0 25 3 1 #"("
0 0 16 3 6 #"define"
0 0 25 3 1 #" "
0 0 14 3 2 #"BG"
0 0 25 3 2 #" ("
0 0 14 3 11 #"empty-scene"
0 0 25 3 1 #" "
0 0 14 3 11 #"WORLD-WIDTH"
0 0 25 3 1 #" "
0 0 14 3 12 #"WORLD-HEIGHT"
0 0 25 3 2 #"))"
0 0 25 29 1 #"\n"
0 0 25 3 1 #"("
0 0 16 3 6 #"define"
0 0 25 3 1 #" "
0 0 14 3 16 #"BUMPER-TO-BUMPER"
0 0 25 3 1 #" "
0 0 22 3 3 #"156"
0 0 25 3 1 #")"
0 0 25 29 1 #"\n"
0 0 25 3 1 #"("
0 0 16 3 6 #"define"
0 0 25 3 1 #" "
0 0 14 3 11 #"TRUCK-WIDTH"
0 0 25 3 1 #" "
0 0 22 3 2 #"30"
0 0 25 3 1 #")"
0 0 25 29 1 #"\n"
0 0 25 3 1 #"("
0 0 16 3 6 #"define"
0 0 25 3 1 #" "
0 0 14 3 18 #"TURTLE-PLANK-WIDTH"
0 0 25 3 1 #" "
0 0 22 3 2 #"60"
0 0 25 3 1 #")"
0 0 25 29 1 #"\n"
0 0 25 29 1 #"\n"
0 0 18 3 17 #";; World -> Image"
0 0 25 29 1 #"\n"
0 0 18 3 23 #";; Runs the Hopper game"
0 0 25 29 1 #"\n"
0 0 25 29 1 #"\n"
0 0 25 3 1 #"("
0 0 16 3 6 #"define"
0 0 25 3 2 #" ("
0 0 14 3 6 #"hopper"
0 0 25 3 1 #" "
0 0 14 3 7 #"_unused"
0 0 25 3 1 #")"
0 0 25 29 1 #"\n"
0 0 25 3 3 #"  ("
0 0 14 3 8 #"big-bang"
0 0 25 3 2 #" ("
0 0 14 3 10 #"make-world"
0 0 25 3 1 #" "
0 0 14 3 14 #"INITIAL-PLAYER"
0 0 25 3 1 #" "
0 0 14 3 4 #"VSET"
0 0 25 3 1 #")"
0 0 25 29 1 #"\n"
0 0 25 3 13 #"            ["
0 0 14 3 7 #"to-draw"
0 0 25 3 1 #" "
0 0 14 3 11 #"render-game"
0 0 25 3 1 #"]"
0 0 25 29 1 #"\n"
0 0 25 3 13 #"            ["
0 0 14 3 6 #"on-key"
0 0 25 3 1 #" "
0 0 14 3 11 #"move-player"
0 0 25 3 1 #"]"
0 0 25 29 1 #"\n"
0 0 25 3 13 #"            ["
0 0 14 3 7 #"on-tick"
0 0 25 3 1 #" "
0 0 14 3 12 #"update-world"
0 0 25 3 1 #"]"
0 0 25 29 1 #"\n"
0 0 25 3 13 #"            ["
0 0 14 3 9 #"stop-when"
0 0 25 3 1 #" "
0 0 14 3 10 #"game-over?"
0 0 25 3 3 #"]))"
0 0 25 29 1 #"\n"
0 0 25 29 1 #"\n"
0 0 18 3 20 #";; World Ke -> World"
0 0 25 29 1 #"\n"
0 0 18 3 32 #";; changes the dir of the player"
0 0 25 29 1 #"\n"
0 0 25 29 1 #"\n"
0 0 25 3 1 #"("
0 0 16 3 6 #"define"
0 0 25 3 2 #" ("
0 0 14 3 11 #"move-player"
0 0 25 3 1 #" "
0 0 14 3 1 #"w"
0 0 25 3 1 #" "
0 0 14 3 2 #"ke"
0 0 25 3 1 #")"
0 0 25 29 1 #"\n"
0 0 25 3 3 #"  ("
0 0 16 3 4 #"cond"
0 0 25 29 1 #"\n"
0 0 25 3 6 #"    [("
0 0 14 3 5 #"key=?"
0 0 25 3 1 #" "
0 0 20 3 4 #"\"up\""
0 0 25 3 1 #" "
0 0 14 3 2 #"ke"
0 0 25 3 2 #") "
0 0 25 29 1 #"\n"
0 0 25 3 6 #"     ("
0 0 14 3 4 #"move"
0 0 25 3 1 #" "
0 0 14 3 1 #"w"
0 0 25 3 1 #" "
0 0 14 3 1 #"-"
0 0 25 3 1 #" "
0 0 14 3 7 #"STEP-UP"
0 0 25 3 1 #" "
0 0 22 3 1 #"'"
0 0 14 3 2 #"up"
0 0 25 3 2 #")]"
0 0 25 29 1 #"\n"
0 0 25 3 6 #"    [("
0 0 14 3 3 #"and"
0 0 25 3 2 #" ("
0 0 14 3 5 #"key=?"
0 0 25 3 1 #" "
0 0 20 3 6 #"\"down\""
0 0 25 3 1 #" "
0 0 14 3 2 #"ke"
0 0 25 3 3 #") ("
0 0 14 3 1 #">"
0 0 25 3 1 #" "
0 0 22 3 7 #"293.659"
0 0 25 3 2 #" ("
0 0 14 3 8 #"player-y"
0 0 25 3 2 #" ("
0 0 14 3 12 #"world-player"
0 0 25 3 1 #" "
0 0 14 3 1 #"w"
0 0 25 3 4 #"))))"
0 0 25 29 1 #"\n"
0 0 25 3 6 #"     ("
0 0 14 3 4 #"move"
0 0 25 3 1 #" "
0 0 14 3 1 #"w"
0 0 25 3 1 #" "
0 0 14 3 1 #"+"
0 0 25 3 1 #" "
0 0 14 3 9 #"STEP-DOWN"
0 0 25 3 1 #" "
0 0 22 3 1 #"'"
0 0 14 3 4 #"down"
0 0 25 3 2 #")]"
0 0 25 29 1 #"\n"
0 0 25 3 6 #"    [("
0 0 14 3 3 #"and"
0 0 25 3 2 #" ("
0 0 14 3 5 #"key=?"
0 0 25 3 1 #" "
0 0 20 3 6 #"\"left\""
0 0 25 3 1 #" "
0 0 14 3 2 #"ke"
0 0 25 3 3 #") ("
0 0 14 3 1 #"<"
0 0 25 3 1 #" "
0 0 22 3 2 #"19"
0 0 25 3 2 #" ("
0 0 14 3 8 #"player-x"
0 0 25 3 2 #" ("
0 0 14 3 12 #"world-player"
0 0 25 3 1 #" "
0 0 14 3 1 #"w"
0 0 25 3 4 #"))))"
0 0 25 29 1 #"\n"
0 0 25 3 6 #"     ("
0 0 14 3 9 #"move-side"
0 0 25 3 1 #" "
0 0 14 3 1 #"w"
0 0 25 3 1 #" "
0 0 14 3 1 #"-"
0 0 25 3 1 #" "
0 0 14 3 9 #"STEP-LEFT"
0 0 25 3 1 #" "
0 0 22 3 1 #"'"
0 0 14 3 4 #"left"
0 0 25 3 2 #")]"
0 0 25 29 1 #"\n"
0 0 25 3 6 #"    [("
0 0 14 3 3 #"and"
0 0 25 3 2 #" ("
0 0 14 3 5 #"key=?"
0 0 25 3 1 #" "
0 0 20 3 7 #"\"right\""
0 0 25 3 1 #" "
0 0 14 3 2 #"ke"
0 0 25 3 3 #") ("
0 0 14 3 1 #">"
0 0 25 3 1 #" "
0 0 22 3 3 #"481"
0 0 25 3 2 #" ("
0 0 14 3 8 #"player-x"
0 0 25 3 2 #" ("
0 0 14 3 12 #"world-player"
0 0 25 3 1 #" "
0 0 14 3 1 #"w"
0 0 25 3 4 #"))))"
0 0 25 29 1 #"\n"
0 0 25 3 6 #"     ("
0 0 14 3 9 #"move-side"
0 0 25 3 1 #" "
0 0 14 3 1 #"w"
0 0 25 3 1 #" "
0 0 14 3 1 #"+"
0 0 25 3 1 #" "
0 0 14 3 10 #"STEP-RIGHT"
0 0 25 3 1 #" "
0 0 22 3 1 #"'"
0 0 14 3 5 #"right"
0 0 25 3 2 #")]"
0 0 25 29 1 #"\n"
0 0 25 3 5 #"    ["
0 0 14 3 4 #"else"
0 0 25 3 1 #" "
0 0 14 3 1 #"w"
0 0 25 3 3 #"]))"
0 0 25 29 1 #"\n"
0 0 25 29 1 #"\n"
0 0 18 3 8 #";; tests"
0 0 25 29 1 #"\n"
0 0 25 29 1 #"\n"
0 0 25 3 1 #"("
0 0 14 3 12 #"check-expect"
0 0 25 3 2 #" ("
0 0 14 3 11 #"move-player"
0 0 25 3 2 #" ("
0 0 14 3 10 #"make-world"
0 0 25 3 1 #" "
0 0 14 3 14 #"INITIAL-PLAYER"
0 0 25 3 1 #" "
0 0 14 3 5 #"empty"
0 0 25 3 2 #") "
0 0 20 3 4 #"\"up\""
0 0 25 3 1 #")"
0 0 25 29 1 #"\n"
0 0 25 3 15 #"              ("
0 0 14 3 4 #"move"
0 0 25 3 2 #" ("
0 0 14 3 10 #"make-world"
0 0 25 3 1 #" "
0 0 14 3 14 #"INITIAL-PLAYER"
0 0 25 3 1 #" "
0 0 14 3 5 #"empty"
0 0 25 3 2 #") "
0 0 14 3 1 #"-"
0 0 25 3 1 #" "
0 0 14 3 7 #"STEP-UP"
0 0 25 3 1 #" "
0 0 22 3 1 #"'"
0 0 14 3 2 #"up"
0 0 25 3 2 #"))"
0 0 25 29 1 #"\n"
0 0 25 3 1 #"("
0 0 14 3 12 #"check-expect"
0 0 25 3 2 #" ("
0 0 14 3 11 #"move-player"
0 0 25 3 2 #" ("
0 0 14 3 10 #"make-world"
0 0 25 3 2 #" ("
0 0 14 3 11 #"make-player"
0 0 25 3 1 #" "
0 0 22 3 3 #"250"
0 0 25 3 1 #" "
0 0 22 3 3 #"270"
0 0 25 3 1 #" "
0 0 22 3 1 #"'"
0 0 14 3 4 #"down"
0 0 25 3 2 #") "
0 0 14 3 5 #"empty"
0 0 25 3 2 #") "
0 0 20 3 6 #"\"down\""
0 0 25 3 1 #")"
0 0 25 29 1 #"\n"
0 0 25 3 15 #"              ("
0 0 14 3 4 #"move"
0 0 25 3 2 #" ("
0 0 14 3 10 #"make-world"
0 0 25 3 2 #" ("
0 0 14 3 11 #"make-player"
0 0 25 3 1 #" "
0 0 22 3 3 #"250"
0 0 25 3 1 #" "
0 0 22 3 3 #"270"
0 0 25 3 1 #" "
0 0 22 3 1 #"'"
0 0 14 3 4 #"down"
0 0 25 3 2 #") "
0 0 14 3 5 #"empty"
0 0 25 3 2 #") "
0 0 14 3 1 #"+"
0 0 25 3 1 #" "
0 0 14 3 9 #"STEP-DOWN"
0 0 25 3 1 #" "
0 0 22 3 1 #"'"
0 0 14 3 4 #"down"
0 0 25 3 2 #"))"
0 0 25 29 1 #"\n"
0 0 25 3 1 #"("
0 0 14 3 12 #"check-expect"
0 0 25 3 2 #" ("
0 0 14 3 11 #"move-player"
0 0 25 3 2 #" ("
0 0 14 3 10 #"make-world"
0 0 25 3 1 #" "
0 0 14 3 14 #"INITIAL-PLAYER"
0 0 25 3 1 #" "
0 0 14 3 5 #"empty"
0 0 25 3 2 #") "
0 0 20 3 6 #"\"left\""
0 0 25 3 1 #")"
0 0 25 29 1 #"\n"
0 0 25 3 15 #"              ("
0 0 14 3 9 #"move-side"
0 0 25 3 2 #" ("
0 0 14 3 10 #"make-world"
0 0 25 3 1 #" "
0 0 14 3 14 #"INITIAL-PLAYER"
0 0 25 3 1 #" "
0 0 14 3 5 #"empty"
0 0 25 3 2 #") "
0 0 14 3 1 #"-"
0 0 25 3 1 #" "
0 0 14 3 9 #"STEP-LEFT"
0 0 25 3 1 #" "
0 0 22 3 1 #"'"
0 0 14 3 4 #"left"
0 0 25 3 2 #"))"
0 0 25 29 1 #"\n"
0 0 25 3 1 #"("
0 0 14 3 12 #"check-expect"
0 0 25 3 2 #" ("
0 0 14 3 11 #"move-player"
0 0 25 3 2 #" ("
0 0 14 3 10 #"make-world"
0 0 25 3 1 #" "
0 0 14 3 14 #"INITIAL-PLAYER"
0 0 25 3 1 #" "
0 0 14 3 5 #"empty"
0 0 25 3 2 #") "
0 0 20 3 7 #"\"right\""
0 0 25 3 1 #")"
0 0 25 29 1 #"\n"
0 0 25 3 15 #"              ("
0 0 14 3 9 #"move-side"
0 0 25 3 2 #" ("
0 0 14 3 10 #"make-world"
0 0 25 3 1 #" "
0 0 14 3 14 #"INITIAL-PLAYER"
0 0 25 3 1 #" "
0 0 14 3 5 #"empty"
0 0 25 3 2 #") "
0 0 14 3 1 #"+"
0 0 25 3 1 #" "
0 0 14 3 10 #"STEP-RIGHT"
0 0 25 3 1 #" "
0 0 22 3 1 #"'"
0 0 14 3 5 #"right"
0 0 25 3 16 #"))              "
0 0 25 29 1 #"\n"
0 0 25 3 1 #"("
0 0 14 3 12 #"check-expect"
0 0 25 3 2 #" ("
0 0 14 3 11 #"move-player"
0 0 25 3 2 #" ("
0 0 14 3 10 #"make-world"
0 0 25 3 1 #" "
0 0 14 3 14 #"INITIAL-PLAYER"
0 0 25 3 1 #" "
0 0 14 3 5 #"empty"
0 0 25 3 2 #") "
0 0 20 3 3 #"\"r\""
0 0 25 3 1 #")"
0 0 25 29 1 #"\n"
0 0 25 3 15 #"              ("
0 0 14 3 10 #"make-world"
0 0 25 3 1 #" "
0 0 14 3 14 #"INITIAL-PLAYER"
0 0 25 3 1 #" "
0 0 14 3 5 #"empty"
0 0 25 3 2 #"))"
0 0 25 29 1 #"\n"
0 0 25 29 1 #"\n"
0 0 18 3 53 #";; World [Number -> Number] Number Direction -> World"
0 0 25 29 1 #"\n"
0 0 18 3 40 #";; helper function for moving up or down"
0 0 25 29 1 #"\n"
0 0 25 29 1 #"\n"
0 0 25 3 1 #"("
0 0 16 3 6 #"define"
0 0 25 3 2 #" ("
0 0 14 3 4 #"move"
0 0 25 3 1 #" "
0 0 14 3 1 #"w"
0 0 25 3 1 #" "
0 0 14 3 2 #"fn"
0 0 25 3 1 #" "
0 0 14 3 1 #"c"
0 0 25 3 1 #" "
0 0 14 3 3 #"dir"
0 0 25 3 1 #")"
0 0 25 29 1 #"\n"
0 0 25 3 3 #"  ("
0 0 16 3 4 #"cond"
0 0 25 29 1 #"\n"
0 0 25 3 6 #"    [("
0 0 14 3 2 #"or"
0 0 25 3 2 #" ("
0 0 14 3 8 #"symbol=?"
0 0 25 3 1 #" "
0 0 22 3 1 #"'"
0 0 14 3 2 #"up"
0 0 25 3 2 #" ("
0 0 14 3 10 #"player-dir"
0 0 25 3 2 #" ("
0 0 14 3 12 #"world-player"
0 0 25 3 1 #" "
0 0 14 3 1 #"w"
0 0 25 3 3 #")))"
0 0 25 29 1 #"\n"
0 0 25 3 10 #"         ("
0 0 14 3 8 #"symbol=?"
0 0 25 3 1 #" "
0 0 22 3 1 #"'"
0 0 14 3 4 #"left"
0 0 25 3 2 #" ("
0 0 14 3 10 #"player-dir"
0 0 25 3 2 #" ("
0 0 14 3 12 #"world-player"
0 0 25 3 1 #" "
0 0 14 3 1 #"w"
0 0 25 3 3 #")))"
0 0 25 29 1 #"\n"
0 0 25 3 10 #"         ("
0 0 14 3 8 #"symbol=?"
0 0 25 3 1 #" "
0 0 22 3 1 #"'"
0 0 14 3 5 #"right"
0 0 25 3 2 #" ("
0 0 14 3 10 #"player-dir"
0 0 25 3 2 #" ("
0 0 14 3 12 #"world-player"
0 0 25 3 1 #" "
0 0 14 3 1 #"w"
0 0 25 3 4 #"))))"
0 0 25 29 1 #"\n"
0 0 25 3 6 #"     ("
0 0 14 3 10 #"make-world"
0 0 25 3 2 #" ("
0 0 14 3 11 #"make-player"
0 0 25 3 2 #" ("
0 0 14 3 8 #"player-x"
0 0 25 3 2 #" ("
0 0 14 3 12 #"world-player"
0 0 25 3 1 #" "
0 0 14 3 1 #"w"
0 0 25 3 2 #"))"
0 0 25 29 1 #"\n"
0 0 25 3 31 #"                              ("
0 0 14 3 2 #"fn"
0 0 25 3 2 #" ("
0 0 14 3 8 #"player-y"
0 0 25 3 2 #" ("
0 0 14 3 12 #"world-player"
0 0 25 3 1 #" "
0 0 14 3 1 #"w"
0 0 25 3 3 #")) "
0 0 14 3 1 #"c"
0 0 25 3 2 #") "
0 0 14 3 3 #"dir"
0 0 25 3 2 #") "
0 0 25 29 1 #"\n"
0 0 25 3 18 #"                 ("
0 0 14 3 14 #"world-vehicles"
0 0 25 3 1 #" "
0 0 14 3 1 #"w"
0 0 25 3 3 #"))]"
0 0 25 29 1 #"\n"
0 0 25 3 6 #"    [("
0 0 14 3 8 #"symbol=?"
0 0 25 3 1 #" "
0 0 22 3 1 #"'"
0 0 14 3 4 #"down"
0 0 25 3 2 #" ("
0 0 14 3 10 #"player-dir"
0 0 25 3 2 #" ("
0 0 14 3 12 #"world-player"
0 0 25 3 1 #" "
0 0 14 3 1 #"w"
0 0 25 3 4 #"))) "
0 0 25 29 1 #"\n"
0 0 25 3 6 #"     ("
0 0 14 3 10 #"make-world"
0 0 25 3 2 #" ("
0 0 14 3 11 #"make-player"
0 0 25 3 2 #" ("
0 0 14 3 8 #"player-x"
0 0 25 3 2 #" ("
0 0 14 3 12 #"world-player"
0 0 25 3 1 #" "
0 0 14 3 1 #"w"
0 0 25 3 3 #")) "
0 0 25 29 1 #"\n"
0 0 25 3 31 #"                              ("
0 0 14 3 2 #"fn"
0 0 25 3 2 #" ("
0 0 14 3 8 #"player-y"
0 0 25 3 2 #" ("
0 0 14 3 12 #"world-player"
0 0 25 3 1 #" "
0 0 14 3 1 #"w"
0 0 25 3 3 #")) "
0 0 14 3 1 #"c"
0 0 25 3 2 #") "
0 0 14 3 3 #"dir"
0 0 25 3 2 #") "
0 0 25 29 1 #"\n"
0 0 25 3 18 #"                 ("
0 0 14 3 14 #"world-vehicles"
0 0 25 3 1 #" "
0 0 14 3 1 #"w"
0 0 25 3 5 #"))]))"
0 0 25 29 1 #"\n"
0 0 25 29 1 #"\n"
0 0 18 3 8 #";; tests"
0 0 25 29 1 #"\n"
0 0 25 29 1 #"\n"
0 0 25 3 1 #"("
0 0 14 3 12 #"check-expect"
0 0 25 3 2 #" ("
0 0 14 3 4 #"move"
0 0 25 3 2 #" ("
0 0 14 3 10 #"make-world"
0 0 25 3 1 #" "
0 0 14 3 14 #"INITIAL-PLAYER"
0 0 25 3 1 #" "
0 0 14 3 5 #"empty"
0 0 25 3 2 #") "
0 0 14 3 1 #"+"
0 0 25 3 1 #" "
0 0 14 3 7 #"STEP-UP"
0 0 25 3 1 #" "
0 0 22 3 1 #"'"
0 0 14 3 2 #"up"
0 0 25 3 1 #")"
0 0 25 29 1 #"\n"
0 0 25 3 15 #"              ("
0 0 14 3 10 #"make-world"
0 0 25 3 2 #" ("
0 0 14 3 11 #"make-player"
0 0 25 3 1 #" "
0 0 22 3 3 #"250"
0 0 25 3 1 #" "
0 0 22 3 7 #"317.599"
0 0 25 3 1 #" "
0 0 22 3 1 #"'"
0 0 14 3 2 #"up"
0 0 25 3 2 #") "
0 0 14 3 5 #"empty"
0 0 25 3 2 #"))"
0 0 25 29 1 #"\n"
0 0 25 3 1 #"("
0 0 14 3 12 #"check-expect"
0 0 25 3 2 #" ("
0 0 14 3 4 #"move"
0 0 25 3 2 #" ("
0 0 14 3 10 #"make-world"
0 0 25 3 2 #" ("
0 0 14 3 11 #"make-player"
0 0 25 3 1 #" "
0 0 22 3 3 #"250"
0 0 25 3 1 #" "
0 0 22 3 3 #"290"
0 0 25 3 1 #" "
0 0 22 3 1 #"'"
0 0 14 3 4 #"left"
0 0 25 3 2 #") "
0 0 14 3 5 #"empty"
0 0 25 3 2 #") "
0 0 14 3 1 #"-"
0 0 25 3 1 #" "
0 0 14 3 9 #"STEP-DOWN"
0 0 25 3 1 #" "
0 0 22 3 1 #"'"
0 0 14 3 4 #"down"
0 0 25 3 1 #")"
0 0 25 29 1 #"\n"
0 0 25 3 15 #"              ("
0 0 14 3 10 #"make-world"
0 0 25 3 2 #" ("
0 0 14 3 11 #"make-player"
0 0 25 3 1 #" "
0 0 22 3 3 #"250"
0 0 25 3 1 #" "
0 0 22 3 6 #"266.06"
0 0 25 3 1 #" "
0 0 22 3 1 #"'"
0 0 14 3 4 #"down"
0 0 25 3 2 #") "
0 0 14 3 5 #"empty"
0 0 25 3 2 #"))"
0 0 25 29 1 #"\n"
0 0 25 3 1 #"("
0 0 14 3 12 #"check-expect"
0 0 25 3 2 #" ("
0 0 14 3 4 #"move"
0 0 25 3 2 #" ("
0 0 14 3 10 #"make-world"
0 0 25 3 2 #" ("
0 0 14 3 11 #"make-player"
0 0 25 3 1 #" "
0 0 22 3 3 #"250"
0 0 25 3 1 #" "
0 0 22 3 3 #"290"
0 0 25 3 1 #" "
0 0 22 3 1 #"'"
0 0 14 3 5 #"right"
0 0 25 3 2 #") "
0 0 14 3 5 #"empty"
0 0 25 3 2 #") "
0 0 14 3 1 #"-"
0 0 25 3 1 #" "
0 0 14 3 9 #"STEP-DOWN"
0 0 25 3 1 #" "
0 0 22 3 1 #"'"
0 0 14 3 2 #"up"
0 0 25 3 1 #")"
0 0 25 29 1 #"\n"
0 0 25 3 15 #"              ("
0 0 14 3 10 #"make-world"
0 0 25 3 2 #" ("
0 0 14 3 11 #"make-player"
0 0 25 3 1 #" "
0 0 22 3 3 #"250"
0 0 25 3 1 #" "
0 0 22 3 6 #"266.06"
0 0 25 3 1 #" "
0 0 22 3 1 #"'"
0 0 14 3 2 #"up"
0 0 25 3 2 #") "
0 0 14 3 5 #"empty"
0 0 25 3 2 #"))"
0 0 25 29 1 #"\n"
0 0 25 3 1 #"("
0 0 14 3 12 #"check-expect"
0 0 25 3 2 #" ("
0 0 14 3 4 #"move"
0 0 25 3 2 #" ("
0 0 14 3 10 #"make-world"
0 0 25 3 2 #" ("
0 0 14 3 11 #"make-player"
0 0 25 3 1 #" "
0 0 22 3 3 #"250"
0 0 25 3 1 #" "
0 0 22 3 3 #"290"
0 0 25 3 1 #" "
0 0 22 3 1 #"'"
0 0 14 3 4 #"down"
0 0 25 3 2 #") "
0 0 14 3 5 #"empty"
0 0 25 3 2 #") "
0 0 14 3 1 #"-"
0 0 25 3 1 #" "
0 0 14 3 9 #"STEP-DOWN"
0 0 25 3 1 #" "
0 0 22 3 1 #"'"
0 0 14 3 2 #"up"
0 0 25 3 1 #")"
0 0 25 29 1 #"\n"
0 0 25 3 15 #"              ("
0 0 14 3 10 #"make-world"
0 0 25 3 2 #" ("
0 0 14 3 11 #"make-player"
0 0 25 3 1 #" "
0 0 22 3 3 #"250"
0 0 25 3 1 #" "
0 0 22 3 6 #"266.06"
0 0 25 3 1 #" "
0 0 22 3 1 #"'"
0 0 14 3 2 #"up"
0 0 25 3 2 #") "
0 0 14 3 5 #"empty"
0 0 25 3 2 #"))"
0 0 25 29 1 #"\n"
0 0 25 29 1 #"\n"
0 0 18 3 46 #";; World [Number -> Number] Direction -> World"
0 0 25 29 1 #"\n"
0 0 18 3 43 #";; helper function for moving left or right"
0 0 25 29 1 #"\n"
0 0 25 29 1 #"\n"
0 0 25 3 1 #"("
0 0 16 3 6 #"define"
0 0 25 3 2 #" ("
0 0 14 3 9 #"move-side"
0 0 25 3 1 #" "
0 0 14 3 1 #"w"
0 0 25 3 1 #" "
0 0 14 3 2 #"fn"
0 0 25 3 1 #" "
0 0 14 3 1 #"c"
0 0 25 3 1 #" "
0 0 14 3 3 #"dir"
0 0 25 3 1 #")"
0 0 25 29 1 #"\n"
0 0 25 3 3 #"  ("
0 0 14 3 10 #"make-world"
0 0 25 3 2 #" ("
0 0 14 3 11 #"make-player"
0 0 25 3 2 #" ("
0 0 14 3 2 #"fn"
0 0 25 3 3 #"  ("
0 0 14 3 8 #"player-x"
0 0 25 3 2 #" ("
0 0 14 3 12 #"world-player"
0 0 25 3 1 #" "
0 0 14 3 1 #"w"
0 0 25 3 3 #")) "
0 0 14 3 1 #"c"
0 0 25 3 1 #")"
0 0 25 29 1 #"\n"
0 0 25 3 28 #"                           ("
0 0 14 3 8 #"player-y"
0 0 25 3 2 #" ("
0 0 14 3 12 #"world-player"
0 0 25 3 1 #" "
0 0 14 3 1 #"w"
0 0 25 3 3 #")) "
0 0 14 3 3 #"dir"
0 0 25 3 2 #") "
0 0 25 29 1 #"\n"
0 0 25 3 15 #"              ("
0 0 14 3 14 #"world-vehicles"
0 0 25 3 1 #" "
0 0 14 3 1 #"w"
0 0 25 3 3 #")))"
0 0 25 29 1 #"\n"
0 0 25 29 1 #"\n"
0 0 18 3 8 #";; tests"
0 0 25 29 1 #"\n"
0 0 25 29 1 #"\n"
0 0 25 3 1 #"("
0 0 14 3 12 #"check-expect"
0 0 25 3 2 #" ("
0 0 14 3 9 #"move-side"
0 0 25 3 2 #" ("
0 0 14 3 10 #"make-world"
0 0 25 3 1 #" "
0 0 14 3 14 #"INITIAL-PLAYER"
0 0 25 3 1 #" "
0 0 14 3 5 #"empty"
0 0 25 3 2 #") "
0 0 14 3 1 #"-"
0 0 25 3 1 #" "
0 0 14 3 9 #"STEP-LEFT"
0 0 25 3 1 #" "
0 0 22 3 1 #"'"
0 0 14 3 4 #"left"
0 0 25 3 1 #")"
0 0 25 29 1 #"\n"
0 0 25 3 15 #"              ("
0 0 14 3 10 #"make-world"
0 0 25 3 2 #" ("
0 0 14 3 11 #"make-player"
0 0 25 3 1 #" "
0 0 22 3 3 #"229"
0 0 25 3 1 #" "
0 0 22 3 7 #"293.659"
0 0 25 3 1 #" "
0 0 22 3 1 #"'"
0 0 14 3 4 #"left"
0 0 25 3 2 #") "
0 0 14 3 5 #"empty"
0 0 25 3 2 #"))"
0 0 25 29 1 #"\n"
0 0 25 3 1 #"("
0 0 14 3 12 #"check-expect"
0 0 25 3 2 #" ("
0 0 14 3 9 #"move-side"
0 0 25 3 2 #" ("
0 0 14 3 10 #"make-world"
0 0 25 3 1 #" "
0 0 14 3 14 #"INITIAL-PLAYER"
0 0 25 3 1 #" "
0 0 14 3 5 #"empty"
0 0 25 3 2 #") "
0 0 14 3 1 #"+"
0 0 25 3 1 #" "
0 0 14 3 10 #"STEP-RIGHT"
0 0 25 3 1 #" "
0 0 22 3 1 #"'"
0 0 14 3 5 #"right"
0 0 25 3 1 #")"
0 0 25 29 1 #"\n"
0 0 25 3 15 #"              ("
0 0 14 3 10 #"make-world"
0 0 25 3 2 #" ("
0 0 14 3 11 #"make-player"
0 0 25 3 1 #" "
0 0 22 3 3 #"271"
0 0 25 3 1 #" "
0 0 22 3 7 #"293.659"
0 0 25 3 1 #" "
0 0 22 3 1 #"'"
0 0 14 3 5 #"right"
0 0 25 3 2 #") "
0 0 14 3 5 #"empty"
0 0 25 3 2 #"))"
0 0 25 29 1 #"\n"
0 0 25 29 1 #"\n"
0 0 18 3 17 #";; World -> World"
0 0 25 29 1 #"\n"
0 0 18 3 20 #";; Updates the world"
0 0 25 29 1 #"\n"
0 0 25 29 1 #"\n"
0 0 25 3 1 #"("
0 0 16 3 6 #"define"
0 0 25 3 2 #" ("
0 0 14 3 12 #"update-world"
0 0 25 3 1 #" "
0 0 14 3 1 #"w"
0 0 25 3 1 #")"
0 0 25 29 1 #"\n"
0 0 25 3 3 #"  ("
0 0 16 3 5 #"local"
0 0 25 3 2 #" ("
0 0 18 3 17 #"; World -> Player"
0 0 25 29 1 #"\n"
0 0 25 3 10 #"          "
0 0 18 3 43 #"; updates the player to move with the river"
0 0 25 29 1 #"\n"
0 0 25 3 11 #"          ("
0 0 16 3 6 #"define"
0 0 25 3 2 #" ("
0 0 14 3 13 #"player-update"
0 0 25 3 1 #" "
0 0 14 3 1 #"w"
0 0 25 3 1 #")"
0 0 25 29 1 #"\n"
0 0 25 3 13 #"            ("
0 0 16 3 4 #"cond"
0 0 25 29 1 #"\n"
0 0 25 3 16 #"              [("
0 0 14 3 2 #"or"
0 0 25 3 2 #" ("
0 0 14 3 3 #"and"
0 0 25 3 2 #" ("
0 0 14 3 1 #">"
0 0 25 3 2 #" ("
0 0 14 3 8 #"player-y"
0 0 25 3 2 #" ("
0 0 14 3 12 #"world-player"
0 0 25 3 1 #" "
0 0 14 3 1 #"w"
0 0 25 3 3 #")) "
0 0 22 3 3 #"126"
0 0 25 3 1 #")"
0 0 25 29 1 #"\n"
0 0 25 3 25 #"                        ("
0 0 14 3 1 #"<"
0 0 25 3 2 #" ("
0 0 14 3 8 #"player-y"
0 0 25 3 2 #" ("
0 0 14 3 12 #"world-player"
0 0 25 3 1 #" "
0 0 14 3 1 #"w"
0 0 25 3 3 #")) "
0 0 22 3 3 #"128"
0 0 25 3 2 #"))"
0 0 25 29 1 #"\n"
0 0 25 3 20 #"                   ("
0 0 14 3 3 #"and"
0 0 25 3 2 #" ("
0 0 14 3 1 #">"
0 0 25 3 2 #" ("
0 0 14 3 8 #"player-y"
0 0 25 3 2 #" ("
0 0 14 3 12 #"world-player"
0 0 25 3 1 #" "
0 0 14 3 1 #"w"
0 0 25 3 3 #")) "
0 0 22 3 2 #"77"
0 0 25 3 1 #")"
0 0 25 29 1 #"\n"
0 0 25 3 25 #"                        ("
0 0 14 3 1 #"<"
0 0 25 3 2 #" ("
0 0 14 3 8 #"player-y"
0 0 25 3 2 #" ("
0 0 14 3 12 #"world-player"
0 0 25 3 1 #" "
0 0 14 3 1 #"w"
0 0 25 3 3 #")) "
0 0 22 3 2 #"79"
0 0 25 3 2 #"))"
0 0 25 29 1 #"\n"
0 0 25 3 20 #"                   ("
0 0 14 3 3 #"and"
0 0 25 3 2 #" ("
0 0 14 3 1 #">"
0 0 25 3 2 #" ("
0 0 14 3 8 #"player-y"
0 0 25 3 2 #" ("
0 0 14 3 12 #"world-player"
0 0 25 3 1 #" "
0 0 14 3 1 #"w"
0 0 25 3 3 #")) "
0 0 22 3 2 #"29"
0 0 25 3 1 #")"
0 0 25 29 1 #"\n"
0 0 25 3 25 #"                        ("
0 0 14 3 1 #"<"
0 0 25 3 2 #" ("
0 0 14 3 8 #"player-y"
0 0 25 3 2 #" ("
0 0 14 3 12 #"world-player"
0 0 25 3 1 #" "
0 0 14 3 1 #"w"
0 0 25 3 3 #")) "
0 0 22 3 2 #"31"
0 0 25 3 3 #")))"
0 0 25 29 1 #"\n"
0 0 25 3 16 #"               ("
0 0 14 3 20 #"player-update-helper"
0 0 25 3 1 #" "
0 0 14 3 1 #"w"
0 0 25 3 1 #" "
0 0 14 3 1 #"+"
0 0 25 3 2 #")]"
0 0 25 29 1 #"\n"
0 0 25 3 16 #"              [("
0 0 14 3 2 #"or"
0 0 25 3 2 #" ("
0 0 14 3 3 #"and"
0 0 25 3 2 #" ("
0 0 14 3 1 #">"
0 0 25 3 2 #" ("
0 0 14 3 8 #"player-y"
0 0 25 3 2 #" ("
0 0 14 3 12 #"world-player"
0 0 25 3 1 #" "
0 0 14 3 1 #"w"
0 0 25 3 3 #")) "
0 0 22 3 3 #"101"
0 0 25 3 1 #")"
0 0 25 29 1 #"\n"
0 0 25 3 25 #"                        ("
0 0 14 3 1 #"<"
0 0 25 3 2 #" ("
0 0 14 3 8 #"player-y"
0 0 25 3 2 #" ("
0 0 14 3 12 #"world-player"
0 0 25 3 1 #" "
0 0 14 3 1 #"w"
0 0 25 3 3 #")) "
0 0 22 3 3 #"103"
0 0 25 3 2 #"))"
0 0 25 29 1 #"\n"
0 0 25 3 20 #"                   ("
0 0 14 3 3 #"and"
0 0 25 3 2 #" ("
0 0 14 3 1 #">"
0 0 25 3 2 #" ("
0 0 14 3 8 #"player-y"
0 0 25 3 2 #" ("
0 0 14 3 12 #"world-player"
0 0 25 3 1 #" "
0 0 14 3 1 #"w"
0 0 25 3 3 #")) "
0 0 22 3 2 #"53"
0 0 25 3 1 #")"
0 0 25 29 1 #"\n"
0 0 25 3 25 #"                        ("
0 0 14 3 1 #"<"
0 0 25 3 2 #" ("
0 0 14 3 8 #"player-y"
0 0 25 3 2 #" ("
0 0 14 3 12 #"world-player"
0 0 25 3 1 #" "
0 0 14 3 1 #"w"
0 0 25 3 3 #")) "
0 0 22 3 2 #"55"
0 0 25 3 3 #")))"
0 0 25 29 1 #"\n"
0 0 25 3 16 #"               ("
0 0 14 3 20 #"player-update-helper"
0 0 25 3 1 #" "
0 0 14 3 1 #"w"
0 0 25 3 1 #" "
0 0 14 3 1 #"-"
0 0 25 3 4 #")]))"
0 0 25 29 1 #"\n"
0 0 25 3 11 #"          ("
0 0 16 3 6 #"define"
0 0 25 3 2 #" ("
0 0 14 3 20 #"player-update-helper"
0 0 25 3 1 #" "
0 0 14 3 1 #"w"
0 0 25 3 1 #" "
0 0 14 3 2 #"fn"
0 0 25 3 1 #")"
0 0 25 29 1 #"\n"
0 0 25 3 13 #"            ("
0 0 14 3 11 #"make-player"
0 0 25 3 2 #" ("
0 0 14 3 2 #"fn"
0 0 25 3 2 #" ("
0 0 14 3 8 #"player-x"
0 0 25 3 2 #" ("
0 0 14 3 12 #"world-player"
0 0 25 3 1 #" "
0 0 14 3 1 #"w"
0 0 25 3 3 #")) "
0 0 14 3 13 #"TRAFFIC-SPEED"
0 0 25 3 1 #")"
0 0 25 29 1 #"\n"
0 0 25 3 26 #"                         ("
0 0 14 3 8 #"player-y"
0 0 25 3 2 #" ("
0 0 14 3 12 #"world-player"
0 0 25 3 1 #" "
0 0 14 3 1 #"w"
0 0 25 3 4 #")) ("
0 0 14 3 10 #"player-dir"
0 0 25 3 2 #" ("
0 0 14 3 12 #"world-player"
0 0 25 3 1 #" "
0 0 14 3 1 #"w"
0 0 25 3 5 #")))))"
0 0 25 29 1 #"\n"
0 0 25 3 5 #"    ("
0 0 14 3 2 #"if"
0 0 25 3 2 #" ("
0 0 14 3 2 #"<="
0 0 25 3 2 #" ("
0 0 14 3 8 #"player-y"
0 0 25 3 2 #" ("
0 0 14 3 12 #"world-player"
0 0 25 3 1 #" "
0 0 14 3 1 #"w"
0 0 25 3 4 #")) ("
0 0 14 3 1 #"-"
0 0 25 3 1 #" "
0 0 14 3 17 #"HALF-WORLD-HEIGHT"
0 0 25 3 2 #" ("
0 0 14 3 1 #"/"
0 0 25 3 1 #" "
0 0 14 3 11 #"FROG-HEIGHT"
0 0 25 3 1 #" "
0 0 22 3 1 #"2"
0 0 25 3 3 #")))"
0 0 25 29 1 #"\n"
0 0 25 3 9 #"        ("
0 0 14 3 10 #"make-world"
0 0 25 3 2 #" ("
0 0 14 3 13 #"player-update"
0 0 25 3 1 #" "
0 0 14 3 1 #"w"
0 0 25 3 3 #") ("
0 0 14 3 3 #"map"
0 0 25 3 1 #" "
0 0 14 3 14 #"vehicle-update"
0 0 25 3 2 #" ("
0 0 14 3 14 #"world-vehicles"
0 0 25 3 1 #" "
0 0 14 3 1 #"w"
0 0 25 3 3 #")))"
0 0 25 29 1 #"\n"
0 0 25 3 9 #"        ("
0 0 14 3 10 #"make-world"
0 0 25 3 2 #" ("
0 0 14 3 12 #"world-player"
0 0 25 3 1 #" "
0 0 14 3 1 #"w"
0 0 25 3 3 #") ("
0 0 14 3 3 #"map"
0 0 25 3 1 #" "
0 0 14 3 14 #"vehicle-update"
0 0 25 3 2 #" ("
0 0 14 3 14 #"world-vehicles"
0 0 25 3 1 #" "
0 0 14 3 1 #"w"
0 0 25 3 6 #"))))))"
0 0 25 29 1 #"\n"
0 0 25 29 1 #"\n"
0 0 18 3 8 #";; tests"
0 0 25 29 1 #"\n"
0 0 25 29 1 #"\n"
0 0 25 3 1 #"("
0 0 14 3 12 #"check-expect"
0 0 25 3 2 #" ("
0 0 14 3 12 #"update-world"
0 0 25 3 2 #" ("
0 0 14 3 10 #"make-world"
0 0 25 3 1 #" "
0 0 14 3 14 #"INITIAL-PLAYER"
0 0 25 3 1 #" "
0 0 14 3 4 #"VSET"
0 0 25 3 3 #")) "
0 0 25 29 1 #"\n"
0 0 25 3 15 #"              ("
0 0 14 3 10 #"make-world"
0 0 25 3 1 #" "
0 0 14 3 14 #"INITIAL-PLAYER"
0 0 25 3 2 #" ("
0 0 14 3 3 #"map"
0 0 25 3 1 #" "
0 0 14 3 14 #"vehicle-update"
0 0 25 3 1 #" "
0 0 14 3 4 #"VSET"
0 0 25 3 3 #")))"
0 0 25 29 1 #"\n"
0 0 25 3 1 #"("
0 0 14 3 12 #"check-expect"
0 0 25 3 2 #" ("
0 0 14 3 12 #"update-world"
0 0 25 3 2 #" ("
0 0 14 3 10 #"make-world"
0 0 25 3 2 #" ("
0 0 14 3 11 #"make-player"
0 0 25 3 1 #" "
0 0 22 3 3 #"250"
0 0 25 3 1 #" "
0 0 22 3 7 #"126.079"
0 0 25 3 1 #" "
0 0 22 3 1 #"'"
0 0 14 3 2 #"up"
0 0 25 3 2 #") "
0 0 14 3 4 #"VSET"
0 0 25 3 3 #")) "
0 0 25 29 1 #"\n"
0 0 25 3 15 #"              ("
0 0 14 3 10 #"make-world"
0 0 25 3 2 #" ("
0 0 14 3 11 #"make-player"
0 0 25 3 2 #" ("
0 0 14 3 1 #"+"
0 0 25 3 1 #" "
0 0 22 3 3 #"250"
0 0 25 3 1 #" "
0 0 14 3 13 #"TRAFFIC-SPEED"
0 0 25 3 2 #") "
0 0 22 3 7 #"126.079"
0 0 25 3 1 #" "
0 0 22 3 1 #"'"
0 0 14 3 2 #"up"
0 0 25 3 1 #")"
0 0 25 29 1 #"\n"
0 0 25 3 27 #"                          ("
0 0 14 3 3 #"map"
0 0 25 3 1 #" "
0 0 14 3 14 #"vehicle-update"
0 0 25 3 1 #" "
0 0 14 3 4 #"VSET"
0 0 25 3 3 #")))"
0 0 25 29 1 #"\n"
0 0 25 3 1 #"("
0 0 14 3 12 #"check-expect"
0 0 25 3 2 #" ("
0 0 14 3 12 #"update-world"
0 0 25 3 2 #" ("
0 0 14 3 10 #"make-world"
0 0 25 3 2 #" ("
0 0 14 3 11 #"make-player"
0 0 25 3 1 #" "
0 0 22 3 3 #"250"
0 0 25 3 1 #" "
0 0 22 3 7 #"102.139"
0 0 25 3 1 #" "
0 0 22 3 1 #"'"
0 0 14 3 2 #"up"
0 0 25 3 2 #") "
0 0 14 3 4 #"VSET"
0 0 25 3 3 #")) "
0 0 25 29 1 #"\n"
0 0 25 3 15 #"              ("
0 0 14 3 10 #"make-world"
0 0 25 3 2 #" ("
0 0 14 3 11 #"make-player"
0 0 25 3 2 #" ("
0 0 14 3 1 #"-"
0 0 25 3 1 #" "
0 0 22 3 3 #"250"
0 0 25 3 1 #" "
0 0 14 3 13 #"TRAFFIC-SPEED"
0 0 25 3 2 #") "
0 0 22 3 7 #"102.139"
0 0 25 3 1 #" "
0 0 22 3 1 #"'"
0 0 14 3 2 #"up"
0 0 25 3 1 #")"
0 0 25 29 1 #"\n"
0 0 25 3 27 #"                          ("
0 0 14 3 3 #"map"
0 0 25 3 1 #" "
0 0 14 3 14 #"vehicle-update"
0 0 25 3 1 #" "
0 0 14 3 4 #"VSET"
0 0 25 3 3 #")))"
0 0 25 29 1 #"\n"
0 0 25 3 1 #"("
0 0 14 3 12 #"check-expect"
0 0 25 3 2 #" ("
0 0 14 3 12 #"update-world"
0 0 25 3 2 #" ("
0 0 14 3 10 #"make-world"
0 0 25 3 2 #" ("
0 0 14 3 11 #"make-player"
0 0 25 3 1 #" "
0 0 22 3 3 #"250"
0 0 25 3 1 #" "
0 0 22 3 6 #"78.199"
0 0 25 3 1 #" "
0 0 22 3 1 #"'"
0 0 14 3 2 #"up"
0 0 25 3 2 #") "
0 0 14 3 4 #"VSET"
0 0 25 3 3 #")) "
0 0 25 29 1 #"\n"
0 0 25 3 15 #"              ("
0 0 14 3 10 #"make-world"
0 0 25 3 2 #" ("
0 0 14 3 11 #"make-player"
0 0 25 3 2 #" ("
0 0 14 3 1 #"+"
0 0 25 3 1 #" "
0 0 22 3 3 #"250"
0 0 25 3 1 #" "
0 0 14 3 13 #"TRAFFIC-SPEED"
0 0 25 3 2 #") "
0 0 22 3 6 #"78.199"
0 0 25 3 1 #" "
0 0 22 3 1 #"'"
0 0 14 3 2 #"up"
0 0 25 3 1 #")"
0 0 25 29 1 #"\n"
0 0 25 3 27 #"                          ("
0 0 14 3 3 #"map"
0 0 25 3 1 #" "
0 0 14 3 14 #"vehicle-update"
0 0 25 3 1 #" "
0 0 14 3 4 #"VSET"
0 0 25 3 3 #")))"
0 0 25 29 1 #"\n"
0 0 25 3 1 #"("
0 0 14 3 12 #"check-expect"
0 0 25 3 2 #" ("
0 0 14 3 12 #"update-world"
0 0 25 3 2 #" ("
0 0 14 3 10 #"make-world"
0 0 25 3 2 #" ("
0 0 14 3 11 #"make-player"
0 0 25 3 1 #" "
0 0 22 3 3 #"250"
0 0 25 3 1 #" "
0 0 22 3 6 #"54.259"
0 0 25 3 1 #" "
0 0 22 3 1 #"'"
0 0 14 3 2 #"up"
0 0 25 3 2 #") "
0 0 14 3 4 #"VSET"
0 0 25 3 3 #")) "
0 0 25 29 1 #"\n"
0 0 25 3 15 #"              ("
0 0 14 3 10 #"make-world"
0 0 25 3 2 #" ("
0 0 14 3 11 #"make-player"
0 0 25 3 2 #" ("
0 0 14 3 1 #"-"
0 0 25 3 1 #" "
0 0 22 3 3 #"250"
0 0 25 3 1 #" "
0 0 14 3 13 #"TRAFFIC-SPEED"
0 0 25 3 2 #") "
0 0 22 3 6 #"54.259"
0 0 25 3 1 #" "
0 0 22 3 1 #"'"
0 0 14 3 2 #"up"
0 0 25 3 1 #")"
0 0 25 29 1 #"\n"
0 0 25 3 27 #"                          ("
0 0 14 3 3 #"map"
0 0 25 3 1 #" "
0 0 14 3 14 #"vehicle-update"
0 0 25 3 1 #" "
0 0 14 3 4 #"VSET"
0 0 25 3 3 #")))"
0 0 25 29 1 #"\n"
0 0 25 3 1 #"("
0 0 14 3 12 #"check-expect"
0 0 25 3 2 #" ("
0 0 14 3 12 #"update-world"
0 0 25 3 2 #" ("
0 0 14 3 10 #"make-world"
0 0 25 3 2 #" ("
0 0 14 3 11 #"make-player"
0 0 25 3 1 #" "
0 0 22 3 3 #"250"
0 0 25 3 1 #" "
0 0 22 3 6 #"30.319"
0 0 25 3 1 #" "
0 0 22 3 1 #"'"
0 0 14 3 2 #"up"
0 0 25 3 2 #") "
0 0 14 3 4 #"VSET"
0 0 25 3 3 #")) "
0 0 25 29 1 #"\n"
0 0 25 3 15 #"              ("
0 0 14 3 10 #"make-world"
0 0 25 3 2 #" ("
0 0 14 3 11 #"make-player"
0 0 25 3 2 #" ("
0 0 14 3 1 #"+"
0 0 25 3 1 #" "
0 0 22 3 3 #"250"
0 0 25 3 1 #" "
0 0 14 3 13 #"TRAFFIC-SPEED"
0 0 25 3 2 #") "
0 0 22 3 6 #"30.319"
0 0 25 3 1 #" "
0 0 22 3 1 #"'"
0 0 14 3 2 #"up"
0 0 25 3 1 #")"
0 0 25 29 1 #"\n"
0 0 25 3 27 #"                          ("
0 0 14 3 3 #"map"
0 0 25 3 1 #" "
0 0 14 3 14 #"vehicle-update"
0 0 25 3 1 #" "
0 0 14 3 4 #"VSET"
0 0 25 3 3 #")))"
0 0 25 29 1 #"\n"
0 0 25 29 1 #"\n"
0 0 18 3 21 #";; Vehicle -> Vehicle"
0 0 25 29 1 #"\n"
0 0 18 3 65
#";; function to use with map to update the traffic's x-coordinates"
0 0 25 29 1 #"\n"
0 0 25 29 1 #"\n"
0 0 25 3 1 #"("
0 0 16 3 6 #"define"
0 0 25 3 2 #" ("
0 0 14 3 14 #"vehicle-update"
0 0 25 3 1 #" "
0 0 14 3 1 #"v"
0 0 25 3 1 #")"
0 0 25 29 1 #"\n"
0 0 25 3 3 #"  ("
0 0 16 3 5 #"local"
0 0 25 3 2 #" ("
0 0 18 3 20 #"; Vehicle -> Vehicle"
0 0 25 29 1 #"\n"
0 0 25 3 10 #"          "
0 0 18 3 29 #"; updates left-moving traffic"
0 0 25 29 1 #"\n"
0 0 25 3 11 #"          ("
0 0 16 3 6 #"define"
0 0 25 3 2 #" ("
0 0 14 3 16 #"vehicle-update-l"
0 0 25 3 1 #" "
0 0 14 3 1 #"v"
0 0 25 3 1 #")"
0 0 25 29 1 #"\n"
0 0 25 3 13 #"            ("
0 0 14 3 12 #"make-vehicle"
0 0 25 3 2 #" ("
0 0 14 3 6 #"modulo"
0 0 25 3 2 #" ("
0 0 14 3 1 #"-"
0 0 25 3 2 #" ("
0 0 14 3 9 #"vehicle-x"
0 0 25 3 1 #" "
0 0 14 3 1 #"v"
0 0 25 3 2 #") "
0 0 14 3 13 #"TRAFFIC-SPEED"
0 0 25 3 1 #")"
0 0 25 29 1 #"\n"
0 0 25 3 35 #"                                  ("
0 0 14 3 1 #"-"
0 0 25 3 2 #" ("
0 0 14 3 1 #"+"
0 0 25 3 1 #" "
0 0 14 3 11 #"WORLD-WIDTH"
0 0 25 3 1 #" "
0 0 14 3 16 #"BUMPER-TO-BUMPER"
0 0 25 3 1 #")"
0 0 25 29 1 #"\n"
0 0 25 3 38 #"                                     ("
0 0 14 3 1 #"/"
0 0 25 3 1 #" "
0 0 14 3 11 #"TRUCK-WIDTH"
0 0 25 3 1 #" "
0 0 22 3 1 #"2"
0 0 25 3 4 #"))) "
0 0 25 29 1 #"\n"
0 0 25 3 27 #"                          ("
0 0 14 3 9 #"vehicle-y"
0 0 25 3 1 #" "
0 0 14 3 1 #"v"
0 0 25 3 2 #") "
0 0 22 3 1 #"'"
0 0 14 3 4 #"left"
0 0 25 3 2 #" ("
0 0 14 3 12 #"vehicle-type"
0 0 25 3 1 #" "
0 0 14 3 1 #"v"
0 0 25 3 3 #")))"
0 0 25 29 1 #"\n"
0 0 25 3 10 #"          "
0 0 18 3 20 #"; Vehicle -> Vehicle"
0 0 25 29 1 #"\n"
0 0 25 3 10 #"          "
0 0 18 3 30 #"; updates right-moving traffic"
0 0 25 29 1 #"\n"
0 0 25 3 11 #"          ("
0 0 16 3 6 #"define"
0 0 25 3 2 #" ("
0 0 14 3 16 #"vehicle-update-r"
0 0 25 3 1 #" "
0 0 14 3 1 #"v"
0 0 25 3 1 #")"
0 0 25 29 1 #"\n"
0 0 25 3 13 #"            ("
0 0 14 3 12 #"make-vehicle"
0 0 25 3 2 #" ("
0 0 14 3 6 #"modulo"
0 0 25 3 2 #" ("
0 0 14 3 1 #"+"
0 0 25 3 2 #" ("
0 0 14 3 9 #"vehicle-x"
0 0 25 3 1 #" "
0 0 14 3 1 #"v"
0 0 25 3 2 #") "
0 0 14 3 13 #"TRAFFIC-SPEED"
0 0 25 3 1 #")"
0 0 25 29 1 #"\n"
0 0 25 3 35 #"                                  ("
0 0 14 3 1 #"-"
0 0 25 3 2 #" ("
0 0 14 3 1 #"+"
0 0 25 3 1 #" "
0 0 14 3 11 #"WORLD-WIDTH"
0 0 25 3 1 #" "
0 0 14 3 16 #"BUMPER-TO-BUMPER"
0 0 25 3 1 #")"
0 0 25 29 1 #"\n"
0 0 25 3 38 #"                                     ("
0 0 14 3 1 #"/"
0 0 25 3 1 #" "
0 0 14 3 11 #"TRUCK-WIDTH"
0 0 25 3 1 #" "
0 0 22 3 1 #"2"
0 0 25 3 4 #"))) "
0 0 25 29 1 #"\n"
0 0 25 3 27 #"                          ("
0 0 14 3 9 #"vehicle-y"
0 0 25 3 1 #" "
0 0 14 3 1 #"v"
0 0 25 3 2 #") "
0 0 22 3 1 #"'"
0 0 14 3 5 #"right"
0 0 25 3 2 #" ("
0 0 14 3 12 #"vehicle-type"
0 0 25 3 1 #" "
0 0 14 3 1 #"v"
0 0 25 3 4 #"))))"
0 0 25 29 1 #"\n"
0 0 25 3 5 #"    ("
0 0 16 3 4 #"cond"
0 0 25 3 1 #" "
0 0 25 29 1 #"\n"
0 0 25 3 8 #"      [("
0 0 14 3 8 #"symbol=?"
0 0 25 3 1 #" "
0 0 22 3 1 #"'"
0 0 14 3 4 #"left"
0 0 25 3 2 #" ("
0 0 14 3 11 #"vehicle-dir"
0 0 25 3 1 #" "
0 0 14 3 1 #"v"
0 0 25 3 2 #"))"
0 0 25 29 1 #"\n"
0 0 25 3 8 #"       ("
0 0 14 3 16 #"vehicle-update-l"
0 0 25 3 1 #" "
0 0 14 3 1 #"v"
0 0 25 3 2 #")]"
0 0 25 29 1 #"\n"
0 0 25 3 8 #"      [("
0 0 14 3 8 #"symbol=?"
0 0 25 3 1 #" "
0 0 22 3 1 #"'"
0 0 14 3 5 #"right"
0 0 25 3 2 #" ("
0 0 14 3 11 #"vehicle-dir"
0 0 25 3 1 #" "
0 0 14 3 1 #"v"
0 0 25 3 2 #"))"
0 0 25 29 1 #"\n"
0 0 25 3 8 #"       ("
0 0 14 3 16 #"vehicle-update-r"
0 0 25 3 1 #" "
0 0 14 3 1 #"v"
0 0 25 3 5 #")])))"
0 0 25 29 1 #"\n"
0 0 25 29 1 #"\n"
0 0 18 3 8 #";; tests"
0 0 25 29 1 #"\n"
0 0 25 29 1 #"\n"
0 0 25 3 1 #"("
0 0 14 3 12 #"check-expect"
0 0 25 3 2 #" ("
0 0 14 3 12 #"update-world"
0 0 25 3 1 #" "
0 0 25 29 1 #"\n"
0 0 25 3 16 #"               ("
0 0 14 3 10 #"make-world"
0 0 25 3 1 #" "
0 0 14 3 14 #"INITIAL-PLAYER"
0 0 25 3 2 #" ("
0 0 14 3 4 #"list"
0 0 25 3 2 #" ("
0 0 14 3 12 #"make-vehicle"
0 0 25 3 1 #" "
0 0 22 3 1 #"6"
0 0 25 3 1 #" "
0 0 22 3 1 #"0"
0 0 25 3 1 #" "
0 0 22 3 1 #"'"
0 0 14 3 5 #"right"
0 0 25 3 1 #" "
0 0 22 3 1 #"'"
0 0 14 3 6 #"turtle"
0 0 25 3 1 #")"
0 0 25 29 1 #"\n"
0 0 25 3 49 #"                                                ("
0 0 14 3 12 #"make-vehicle"
0 0 25 3 1 #" "
0 0 22 3 1 #"6"
0 0 25 3 1 #" "
0 0 22 3 1 #"0"
0 0 25 3 1 #" "
0 0 22 3 1 #"'"
0 0 14 3 4 #"left"
0 0 25 3 1 #" "
0 0 22 3 1 #"'"
0 0 14 3 5 #"truck"
0 0 25 3 5 #")))) "
0 0 25 29 1 #"\n"
0 0 25 3 15 #"              ("
0 0 14 3 10 #"make-world"
0 0 25 3 1 #" "
0 0 14 3 14 #"INITIAL-PLAYER"
0 0 25 3 1 #" "
0 0 25 29 1 #"\n"
0 0 25 3 27 #"                          ("
0 0 14 3 4 #"list"
0 0 25 3 2 #" ("
0 0 14 3 12 #"make-vehicle"
0 0 25 3 2 #" ("
0 0 14 3 1 #"+"
0 0 25 3 1 #" "
0 0 22 3 1 #"6"
0 0 25 3 1 #" "
0 0 14 3 13 #"TRAFFIC-SPEED"
0 0 25 3 2 #") "
0 0 22 3 1 #"0"
0 0 25 3 1 #" "
0 0 22 3 1 #"'"
0 0 14 3 5 #"right"
0 0 25 3 1 #" "
0 0 22 3 1 #"'"
0 0 14 3 6 #"turtle"
0 0 25 3 1 #")"
0 0 25 29 1 #"\n"
0 0 25 3 33 #"                                ("
0 0 14 3 12 #"make-vehicle"
0 0 25 3 2 #" ("
0 0 14 3 1 #"-"
0 0 25 3 1 #" "
0 0 22 3 1 #"6"
0 0 25 3 1 #" "
0 0 14 3 13 #"TRAFFIC-SPEED"
0 0 25 3 2 #") "
0 0 22 3 1 #"0"
0 0 25 3 1 #" "
0 0 22 3 1 #"'"
0 0 14 3 4 #"left"
0 0 25 3 1 #" "
0 0 22 3 1 #"'"
0 0 14 3 5 #"truck"
0 0 25 3 4 #"))))"
0 0 25 29 1 #"\n"
0 0 25 29 1 #"\n"
0 0 18 3 22 #";; World Vset -> Image"
0 0 25 29 1 #"\n"
0 0 18 3 26 #";; Renders the hopper game"
0 0 25 29 1 #"\n"
0 0 25 29 1 #"\n"
0 0 25 3 1 #"("
0 0 16 3 6 #"define"
0 0 25 3 2 #" ("
0 0 14 3 11 #"render-game"
0 0 25 3 1 #" "
0 0 14 3 1 #"w"
0 0 25 3 1 #")"
0 0 25 29 1 #"\n"
0 0 25 3 3 #"  ("
0 0 16 3 5 #"local"
0 0 25 29 1 #"\n"
0 0 25 3 5 #"    ("
0 0 18 3 21 #"; World Frog -> Image"
0 0 25 29 1 #"\n"
0 0 25 3 5 #"     "
0 0 18 3 38 #"; places the correct frog on the scene"
0 0 25 29 1 #"\n"
0 0 25 3 6 #"     ("
0 0 16 3 6 #"define"
0 0 25 3 2 #" ("
0 0 14 3 11 #"frog-render"
0 0 25 3 1 #" "
0 0 14 3 1 #"w"
0 0 25 3 1 #" "
0 0 14 3 4 #"frog"
0 0 25 3 1 #")"
0 0 25 29 1 #"\n"
0 0 25 3 8 #"       ("
0 0 14 3 11 #"place-image"
0 0 25 3 1 #" "
0 0 14 3 4 #"frog"
0 0 25 3 2 #" ("
0 0 14 3 8 #"player-x"
0 0 25 3 2 #" ("
0 0 14 3 12 #"world-player"
0 0 25 3 1 #" "
0 0 14 3 1 #"w"
0 0 25 3 3 #")) "
0 0 25 29 1 #"\n"
0 0 25 3 21 #"                    ("
0 0 14 3 8 #"player-y"
0 0 25 3 2 #" ("
0 0 14 3 12 #"world-player"
0 0 25 3 1 #" "
0 0 14 3 1 #"w"
0 0 25 3 3 #")) "
0 0 14 3 2 #"BG"
0 0 25 3 2 #"))"
0 0 25 29 1 #"\n"
0 0 25 3 5 #"     "
0 0 18 3 15 #"; World -> Frog"
0 0 25 29 1 #"\n"
0 0 25 3 5 #"     "
0 0 18 3 45 #"; outputs the correct frog based on the world"
0 0 25 29 1 #"\n"
0 0 25 3 6 #"     ("
0 0 16 3 6 #"define"
0 0 25 3 2 #" ("
0 0 14 3 8 #"frog-dir"
0 0 25 3 1 #" "
0 0 14 3 1 #"w"
0 0 25 3 1 #")"
0 0 25 29 1 #"\n"
0 0 25 3 8 #"       ("
0 0 16 3 4 #"cond"
0 0 25 29 1 #"\n"
0 0 25 3 11 #"         [("
0 0 14 3 8 #"symbol=?"
0 0 25 3 1 #" "
0 0 22 3 1 #"'"
0 0 14 3 4 #"left"
0 0 25 3 2 #" ("
0 0 14 3 10 #"player-dir"
0 0 25 3 2 #" ("
0 0 14 3 12 #"world-player"
0 0 25 3 1 #" "
0 0 14 3 1 #"w"
0 0 25 3 4 #"))) "
0 0 14 3 5 #"FROGL"
0 0 25 3 1 #"]"
0 0 25 29 1 #"\n"
0 0 25 3 11 #"         [("
0 0 14 3 8 #"symbol=?"
0 0 25 3 1 #" "
0 0 22 3 1 #"'"
0 0 14 3 5 #"right"
0 0 25 3 2 #" ("
0 0 14 3 10 #"player-dir"
0 0 25 3 2 #" ("
0 0 14 3 12 #"world-player"
0 0 25 3 1 #" "
0 0 14 3 1 #"w"
0 0 25 3 4 #"))) "
0 0 14 3 5 #"FROGR"
0 0 25 3 1 #"]"
0 0 25 29 1 #"\n"
0 0 25 3 11 #"         [("
0 0 14 3 8 #"symbol=?"
0 0 25 3 1 #" "
0 0 22 3 1 #"'"
0 0 14 3 2 #"up"
0 0 25 3 2 #" ("
0 0 14 3 10 #"player-dir"
0 0 25 3 2 #" ("
0 0 14 3 12 #"world-player"
0 0 25 3 1 #" "
0 0 14 3 1 #"w"
0 0 25 3 4 #"))) "
0 0 14 3 5 #"FROGU"
0 0 25 3 1 #"]"
0 0 25 29 1 #"\n"
0 0 25 3 11 #"         [("
0 0 14 3 8 #"symbol=?"
0 0 25 3 1 #" "
0 0 22 3 1 #"'"
0 0 14 3 4 #"down"
0 0 25 3 2 #" ("
0 0 14 3 10 #"player-dir"
0 0 25 3 2 #" ("
0 0 14 3 12 #"world-player"
0 0 25 3 1 #" "
0 0 14 3 1 #"w"
0 0 25 3 4 #"))) "
0 0 14 3 5 #"FROGD"
0 0 25 3 3 #"]))"
0 0 25 29 1 #"\n"
0 0 25 3 5 #"     "
0 0 18 3 16 #"; World -> Image"
0 0 25 29 1 #"\n"
0 0 25 3 5 #"     "
0 0 18 3 19 #"; Draws the traffic"
0 0 25 29 1 #"\n"
0 0 25 3 6 #"     ("
0 0 16 3 6 #"define"
0 0 25 3 2 #" ("
0 0 14 3 13 #"draw-vehicles"
0 0 25 3 1 #" "
0 0 14 3 1 #"w"
0 0 25 3 1 #")"
0 0 25 29 1 #"\n"
0 0 25 3 8 #"       ("
0 0 16 3 4 #"cond"
0 0 25 29 1 #"\n"
0 0 25 3 11 #"         [("
0 0 14 3 8 #"symbol=?"
0 0 25 3 1 #" "
0 0 22 3 1 #"'"
0 0 14 3 5 #"truck"
0 0 25 3 2 #" ("
0 0 14 3 12 #"vehicle-type"
0 0 25 3 2 #" ("
0 0 14 3 5 #"first"
0 0 25 3 2 #" ("
0 0 14 3 14 #"world-vehicles"
0 0 25 3 1 #" "
0 0 14 3 1 #"w"
0 0 25 3 6 #")))) ("
0 0 14 3 10 #"draw-truck"
0 0 25 3 1 #" "
0 0 14 3 1 #"w"
0 0 25 3 2 #")]"
0 0 25 29 1 #"\n"
0 0 25 3 11 #"         [("
0 0 14 3 8 #"symbol=?"
0 0 25 3 1 #" "
0 0 22 3 1 #"'"
0 0 14 3 5 #"plank"
0 0 25 3 2 #" ("
0 0 14 3 12 #"vehicle-type"
0 0 25 3 2 #" ("
0 0 14 3 5 #"first"
0 0 25 3 2 #" ("
0 0 14 3 14 #"world-vehicles"
0 0 25 3 1 #" "
0 0 14 3 1 #"w"
0 0 25 3 6 #")))) ("
0 0 14 3 10 #"draw-plank"
0 0 25 3 1 #" "
0 0 14 3 1 #"w"
0 0 25 3 2 #")]"
0 0 25 29 1 #"\n"
0 0 25 3 11 #"         [("
0 0 14 3 8 #"symbol=?"
0 0 25 3 1 #" "
0 0 22 3 1 #"'"
0 0 14 3 6 #"turtle"
0 0 25 3 2 #" ("
0 0 14 3 12 #"vehicle-type"
0 0 25 3 2 #" ("
0 0 14 3 5 #"first"
0 0 25 3 2 #" ("
0 0 14 3 14 #"world-vehicles"
0 0 25 3 1 #" "
0 0 14 3 1 #"w"
0 0 25 3 6 #")))) ("
0 0 14 3 11 #"draw-turtle"
0 0 25 3 1 #" "
0 0 14 3 1 #"w"
0 0 25 3 4 #")]))"
0 0 25 29 1 #"\n"
0 0 25 3 5 #"     "
0 0 18 3 16 #"; World -> Image"
0 0 25 29 1 #"\n"
0 0 25 3 5 #"     "
0 0 18 3 15 #"; Draws a truck"
0 0 25 29 1 #"\n"
0 0 25 3 6 #"     ("
0 0 16 3 6 #"define"
0 0 25 3 2 #" ("
0 0 14 3 10 #"draw-truck"
0 0 25 3 1 #" "
0 0 14 3 1 #"w"
0 0 25 3 1 #")"
0 0 25 29 1 #"\n"
0 0 25 3 8 #"       ("
0 0 14 3 11 #"place-image"
0 0 25 3 1 #" "
0 0 14 3 5 #"TRUCK"
0 0 25 3 2 #" ("
0 0 14 3 9 #"vehicle-x"
0 0 25 3 2 #" ("
0 0 14 3 5 #"first"
0 0 25 3 2 #" ("
0 0 14 3 14 #"world-vehicles"
0 0 25 3 1 #" "
0 0 14 3 1 #"w"
0 0 25 3 4 #"))) "
0 0 25 29 1 #"\n"
0 0 25 3 21 #"                    ("
0 0 14 3 9 #"vehicle-y"
0 0 25 3 2 #" ("
0 0 14 3 5 #"first"
0 0 25 3 2 #" ("
0 0 14 3 14 #"world-vehicles"
0 0 25 3 1 #" "
0 0 14 3 1 #"w"
0 0 25 3 3 #")))"
0 0 25 29 1 #"\n"
0 0 25 3 21 #"                    ("
0 0 14 3 11 #"render-game"
0 0 25 3 2 #" ("
0 0 14 3 10 #"make-world"
0 0 25 3 1 #" "
0 0 25 29 1 #"\n"
0 0 25 3 35 #"                                  ("
0 0 14 3 12 #"world-player"
0 0 25 3 1 #" "
0 0 14 3 1 #"w"
0 0 25 3 2 #") "
0 0 25 29 1 #"\n"
0 0 25 3 35 #"                                  ("
0 0 14 3 4 #"rest"
0 0 25 3 2 #" ("
0 0 14 3 14 #"world-vehicles"
0 0 25 3 1 #" "
0 0 14 3 1 #"w"
0 0 25 3 6 #"))))))"
0 0 25 29 1 #"\n"
0 0 25 3 6 #"     ("
0 0 16 3 6 #"define"
0 0 25 3 2 #" ("
0 0 14 3 10 #"draw-plank"
0 0 25 3 1 #" "
0 0 14 3 1 #"w"
0 0 25 3 1 #")"
0 0 25 29 1 #"\n"
0 0 25 3 8 #"       ("
0 0 14 3 11 #"place-image"
0 0 25 3 1 #" "
0 0 14 3 5 #"PLANK"
0 0 25 3 2 #" ("
0 0 14 3 9 #"vehicle-x"
0 0 25 3 2 #" ("
0 0 14 3 5 #"first"
0 0 25 3 2 #" ("
0 0 14 3 14 #"world-vehicles"
0 0 25 3 1 #" "
0 0 14 3 1 #"w"
0 0 25 3 3 #")))"
0 0 25 29 1 #"\n"
0 0 25 3 21 #"                    ("
0 0 14 3 9 #"vehicle-y"
0 0 25 3 2 #" ("
0 0 14 3 5 #"first"
0 0 25 3 2 #" ("
0 0 14 3 14 #"world-vehicles"
0 0 25 3 1 #" "
0 0 14 3 1 #"w"
0 0 25 3 3 #")))"
0 0 25 29 1 #"\n"
0 0 25 3 21 #"                    ("
0 0 14 3 11 #"render-game"
0 0 25 3 2 #" ("
0 0 14 3 10 #"make-world"
0 0 25 29 1 #"\n"
0 0 25 3 35 #"                                  ("
0 0 14 3 12 #"world-player"
0 0 25 3 1 #" "
0 0 14 3 1 #"w"
0 0 25 3 1 #")"
0 0 25 29 1 #"\n"
0 0 25 3 35 #"                                  ("
0 0 14 3 4 #"rest"
0 0 25 3 2 #" ("
0 0 14 3 14 #"world-vehicles"
0 0 25 3 1 #" "
0 0 14 3 1 #"w"
0 0 25 3 6 #"))))))"
0 0 25 29 1 #"\n"
0 0 25 3 6 #"     ("
0 0 16 3 6 #"define"
0 0 25 3 2 #" ("
0 0 14 3 11 #"draw-turtle"
0 0 25 3 1 #" "
0 0 14 3 1 #"w"
0 0 25 3 1 #")"
0 0 25 29 1 #"\n"
0 0 25 3 8 #"       ("
0 0 14 3 11 #"place-image"
0 0 25 3 1 #" "
0 0 14 3 6 #"TURTLE"
0 0 25 3 2 #" ("
0 0 14 3 9 #"vehicle-x"
0 0 25 3 2 #" ("
0 0 14 3 5 #"first"
0 0 25 3 2 #" ("
0 0 14 3 14 #"world-vehicles"
0 0 25 3 1 #" "
0 0 14 3 1 #"w"
0 0 25 3 3 #")))"
0 0 25 29 1 #"\n"
0 0 25 3 21 #"                    ("
0 0 14 3 9 #"vehicle-y"
0 0 25 3 2 #" ("
0 0 14 3 5 #"first"
0 0 25 3 2 #" ("
0 0 14 3 14 #"world-vehicles"
0 0 25 3 1 #" "
0 0 14 3 1 #"w"
0 0 25 3 3 #")))"
0 0 25 29 1 #"\n"
0 0 25 3 21 #"                    ("
0 0 14 3 11 #"render-game"
0 0 25 3 2 #" ("
0 0 14 3 10 #"make-world"
0 0 25 29 1 #"\n"
0 0 25 3 35 #"                                  ("
0 0 14 3 12 #"world-player"
0 0 25 3 1 #" "
0 0 14 3 1 #"w"
0 0 25 3 1 #")"
0 0 25 29 1 #"\n"
0 0 25 3 35 #"                                  ("
0 0 14 3 4 #"rest"
0 0 25 3 2 #" ("
0 0 14 3 14 #"world-vehicles"
0 0 25 3 1 #" "
0 0 14 3 1 #"w"
0 0 25 3 7 #")))))))"
0 0 25 29 1 #"\n"
0 0 25 3 4 #"    "
0 0 25 29 1 #"\n"
0 0 25 3 5 #"    ("
0 0 16 3 4 #"cond"
0 0 25 29 1 #"\n"
0 0 25 3 8 #"      [("
0 0 14 3 6 #"empty?"
0 0 25 3 2 #" ("
0 0 14 3 14 #"world-vehicles"
0 0 25 3 1 #" "
0 0 14 3 1 #"w"
0 0 25 3 2 #"))"
0 0 25 29 1 #"\n"
0 0 25 3 8 #"       ("
0 0 14 3 11 #"frog-render"
0 0 25 3 1 #" "
0 0 14 3 1 #"w"
0 0 25 3 2 #" ("
0 0 14 3 8 #"frog-dir"
0 0 25 3 1 #" "
0 0 14 3 1 #"w"
0 0 25 3 3 #"))]"
0 0 25 29 1 #"\n"
0 0 25 3 7 #"      ["
0 0 14 3 4 #"else"
0 0 25 3 2 #" ("
0 0 14 3 13 #"draw-vehicles"
0 0 25 3 1 #" "
0 0 14 3 1 #"w"
0 0 25 3 5 #")])))"
0 0 25 29 1 #"\n"
0 0 25 29 1 #"\n"
0 0 18 3 8 #";; tests"
0 0 25 29 1 #"\n"
0 0 25 29 1 #"\n"
0 0 25 3 1 #"("
0 0 14 3 12 #"check-expect"
0 0 25 3 2 #" ("
0 0 14 3 11 #"render-game"
0 0 25 3 2 #" ("
0 0 14 3 10 #"make-world"
0 0 25 3 2 #" ("
0 0 14 3 11 #"make-player"
0 0 25 3 1 #" "
0 0 22 3 1 #"0"
0 0 25 3 1 #" "
0 0 22 3 1 #"0"
0 0 25 3 1 #" "
0 0 22 3 1 #"'"
0 0 14 3 4 #"left"
0 0 25 3 2 #") "
0 0 14 3 5 #"empty"
0 0 25 3 3 #")) "
0 0 25 29 1 #"\n"
0 0 25 3 15 #"              ("
0 0 14 3 11 #"place-image"
0 0 25 3 1 #" "
0 0 14 3 5 #"FROGL"
0 0 25 3 1 #" "
0 0 22 3 1 #"0"
0 0 25 3 1 #" "
0 0 22 3 1 #"0"
0 0 25 3 1 #" "
0 0 14 3 2 #"BG"
0 0 25 3 2 #"))"
0 0 25 29 1 #"\n"
0 0 25 3 1 #"("
0 0 14 3 12 #"check-expect"
0 0 25 3 2 #" ("
0 0 14 3 11 #"render-game"
0 0 25 3 2 #" ("
0 0 14 3 10 #"make-world"
0 0 25 3 2 #" ("
0 0 14 3 11 #"make-player"
0 0 25 3 1 #" "
0 0 22 3 1 #"0"
0 0 25 3 1 #" "
0 0 22 3 1 #"0"
0 0 25 3 1 #" "
0 0 22 3 1 #"'"
0 0 14 3 5 #"right"
0 0 25 3 2 #") "
0 0 14 3 5 #"empty"
0 0 25 3 3 #")) "
0 0 25 29 1 #"\n"
0 0 25 3 15 #"              ("
0 0 14 3 11 #"place-image"
0 0 25 3 1 #" "
0 0 14 3 5 #"FROGR"
0 0 25 3 1 #" "
0 0 22 3 1 #"0"
0 0 25 3 1 #" "
0 0 22 3 1 #"0"
0 0 25 3 1 #" "
0 0 14 3 2 #"BG"
0 0 25 3 2 #"))"
0 0 25 29 1 #"\n"
0 0 25 3 1 #"("
0 0 14 3 12 #"check-expect"
0 0 25 3 2 #" ("
0 0 14 3 11 #"render-game"
0 0 25 3 2 #" ("
0 0 14 3 10 #"make-world"
0 0 25 3 2 #" ("
0 0 14 3 11 #"make-player"
0 0 25 3 1 #" "
0 0 22 3 1 #"0"
0 0 25 3 1 #" "
0 0 22 3 1 #"0"
0 0 25 3 1 #" "
0 0 22 3 1 #"'"
0 0 14 3 4 #"down"
0 0 25 3 2 #") "
0 0 14 3 5 #"empty"
0 0 25 3 3 #")) "
0 0 25 29 1 #"\n"
0 0 25 3 15 #"              ("
0 0 14 3 11 #"place-image"
0 0 25 3 1 #" "
0 0 14 3 5 #"FROGD"
0 0 25 3 1 #" "
0 0 22 3 1 #"0"
0 0 25 3 1 #" "
0 0 22 3 1 #"0"
0 0 25 3 1 #" "
0 0 14 3 2 #"BG"
0 0 25 3 2 #"))"
0 0 25 29 1 #"\n"
0 0 25 3 1 #"("
0 0 14 3 12 #"check-expect"
0 0 25 3 2 #" ("
0 0 14 3 11 #"render-game"
0 0 25 3 2 #" ("
0 0 14 3 10 #"make-world"
0 0 25 3 2 #" ("
0 0 14 3 11 #"make-player"
0 0 25 3 1 #" "
0 0 22 3 1 #"0"
0 0 25 3 1 #" "
0 0 22 3 1 #"0"
0 0 25 3 1 #" "
0 0 22 3 1 #"'"
0 0 14 3 2 #"up"
0 0 25 3 2 #") "
0 0 14 3 5 #"empty"
0 0 25 3 3 #")) "
0 0 25 29 1 #"\n"
0 0 25 3 15 #"              ("
0 0 14 3 11 #"place-image"
0 0 25 3 1 #" "
0 0 14 3 5 #"FROGU"
0 0 25 3 1 #" "
0 0 22 3 1 #"0"
0 0 25 3 1 #" "
0 0 22 3 1 #"0"
0 0 25 3 1 #" "
0 0 14 3 2 #"BG"
0 0 25 3 2 #"))"
0 0 25 29 1 #"\n"
0 0 25 3 1 #"("
0 0 14 3 12 #"check-expect"
0 0 25 3 2 #" ("
0 0 14 3 11 #"render-game"
0 0 25 3 2 #" ("
0 0 14 3 10 #"make-world"
0 0 25 3 2 #" ("
0 0 14 3 11 #"make-player"
0 0 25 3 1 #" "
0 0 22 3 1 #"0"
0 0 25 3 1 #" "
0 0 22 3 1 #"0"
0 0 25 3 1 #" "
0 0 22 3 1 #"'"
0 0 14 3 4 #"left"
0 0 25 3 2 #") "
0 0 25 29 1 #"\n"
0 0 25 3 40 #"                                       ("
0 0 14 3 4 #"list"
0 0 25 3 2 #" ("
0 0 14 3 12 #"make-vehicle"
0 0 25 3 1 #" "
0 0 22 3 1 #"0"
0 0 25 3 1 #" "
0 0 22 3 1 #"0"
0 0 25 3 1 #" "
0 0 22 3 1 #"'"
0 0 14 3 4 #"left"
0 0 25 3 1 #" "
0 0 22 3 1 #"'"
0 0 14 3 5 #"truck"
0 0 25 3 5 #")))) "
0 0 25 29 1 #"\n"
0 0 25 3 15 #"              ("
0 0 14 3 11 #"place-image"
0 0 25 3 1 #" "
0 0 14 3 5 #"TRUCK"
0 0 25 3 1 #" "
0 0 22 3 1 #"0"
0 0 25 3 1 #" "
0 0 22 3 1 #"0"
0 0 25 3 2 #" ("
0 0 14 3 11 #"place-image"
0 0 25 3 1 #" "
0 0 14 3 5 #"FROGL"
0 0 25 3 1 #" "
0 0 22 3 1 #"0"
0 0 25 3 1 #" "
0 0 22 3 1 #"0"
0 0 25 3 1 #" "
0 0 14 3 2 #"BG"
0 0 25 3 3 #")))"
0 0 25 29 1 #"\n"
0 0 25 29 1 #"\n"
0 0 18 3 19 #";; World -> Boolean"
0 0 25 29 1 #"\n"
0 0 18 3 42 #";; Decides whether or not the game is over"
0 0 25 29 1 #"\n"
0 0 25 29 1 #"\n"
0 0 25 3 1 #"("
0 0 16 3 6 #"define"
0 0 25 3 2 #" ("
0 0 14 3 10 #"game-over?"
0 0 25 3 1 #" "
0 0 14 3 1 #"w"
0 0 25 3 1 #")"
0 0 25 29 1 #"\n"
0 0 25 3 3 #"  ("
0 0 14 3 2 #"or"
0 0 25 3 2 #" ("
0 0 14 3 1 #"<"
0 0 25 3 2 #" ("
0 0 14 3 8 #"player-y"
0 0 25 3 2 #" ("
0 0 14 3 12 #"world-player"
0 0 25 3 1 #" "
0 0 14 3 1 #"w"
0 0 25 3 3 #")) "
0 0 14 3 3 #"TOP"
0 0 25 3 1 #")"
0 0 25 29 1 #"\n"
0 0 25 3 7 #"      ("
0 0 14 3 1 #">"
0 0 25 3 2 #" ("
0 0 14 3 8 #"player-y"
0 0 25 3 2 #" ("
0 0 14 3 12 #"world-player"
0 0 25 3 1 #" "
0 0 14 3 1 #"w"
0 0 25 3 3 #")) "
0 0 14 3 12 #"WORLD-HEIGHT"
0 0 25 3 1 #")"
0 0 25 29 1 #"\n"
0 0 25 3 7 #"      ("
0 0 14 3 1 #">"
0 0 25 3 2 #" ("
0 0 14 3 8 #"player-x"
0 0 25 3 2 #" ("
0 0 14 3 12 #"world-player"
0 0 25 3 1 #" "
0 0 14 3 1 #"w"
0 0 25 3 3 #")) "
0 0 14 3 11 #"WORLD-WIDTH"
0 0 25 3 1 #")"
0 0 25 29 1 #"\n"
0 0 25 3 7 #"      ("
0 0 14 3 1 #"<"
0 0 25 3 2 #" ("
0 0 14 3 8 #"player-x"
0 0 25 3 2 #" ("
0 0 14 3 12 #"world-player"
0 0 25 3 1 #" "
0 0 14 3 1 #"w"
0 0 25 3 3 #")) "
0 0 22 3 1 #"0"
0 0 25 3 1 #")"
0 0 25 29 1 #"\n"
0 0 25 3 7 #"      ("
0 0 14 3 2 #"if"
0 0 25 3 2 #" ("
0 0 14 3 2 #">="
0 0 25 3 2 #" ("
0 0 14 3 8 #"player-y"
0 0 25 3 2 #" ("
0 0 14 3 12 #"world-player"
0 0 25 3 1 #" "
0 0 14 3 1 #"w"
0 0 25 3 3 #")) "
0 0 14 3 17 #"HALF-WORLD-HEIGHT"
0 0 25 3 1 #")"
0 0 25 29 1 #"\n"
0 0 25 3 11 #"          ("
0 0 14 3 22 #"vset-player-collision?"
0 0 25 3 2 #" ("
0 0 14 3 12 #"world-player"
0 0 25 3 1 #" "
0 0 14 3 1 #"w"
0 0 25 3 3 #") ("
0 0 14 3 14 #"world-vehicles"
0 0 25 3 1 #" "
0 0 14 3 1 #"w"
0 0 25 3 2 #"))"
0 0 25 29 1 #"\n"
0 0 25 3 11 #"          ("
0 0 14 3 3 #"not"
0 0 25 3 2 #" ("
0 0 14 3 22 #"vset-player-collision?"
0 0 25 3 2 #" ("
0 0 14 3 12 #"world-player"
0 0 25 3 1 #" "
0 0 14 3 1 #"w"
0 0 25 3 3 #") ("
0 0 14 3 14 #"world-vehicles"
0 0 25 3 1 #" "
0 0 14 3 1 #"w"
0 0 25 3 6 #"))))))"
0 0 25 29 1 #"\n"
0 0 25 29 1 #"\n"
0 0 18 3 8 #";; tests"
0 0 25 29 1 #"\n"
0 0 25 29 1 #"\n"
0 0 25 3 1 #"("
0 0 14 3 12 #"check-expect"
0 0 25 3 2 #" ("
0 0 14 3 10 #"game-over?"
0 0 25 3 2 #" ("
0 0 14 3 10 #"make-world"
0 0 25 3 2 #" ("
0 0 14 3 11 #"make-player"
0 0 25 3 1 #" "
0 0 22 3 3 #"150"
0 0 25 3 1 #" "
0 0 22 3 1 #"5"
0 0 25 3 1 #" "
0 0 22 3 1 #"'"
0 0 14 3 2 #"up"
0 0 25 3 2 #") "
0 0 14 3 5 #"empty"
0 0 25 3 3 #")) "
0 0 25 29 1 #"\n"
0 0 25 3 14 #"              "
0 0 14 3 4 #"true"
0 0 25 3 1 #")"
0 0 25 29 1 #"\n"
0 0 25 3 1 #"("
0 0 14 3 12 #"check-expect"
0 0 25 3 2 #" ("
0 0 14 3 10 #"game-over?"
0 0 25 3 1 #" "
0 0 25 29 1 #"\n"
0 0 25 3 16 #"               ("
0 0 14 3 10 #"make-world"
0 0 25 3 2 #" ("
0 0 14 3 11 #"make-player"
0 0 25 3 1 #" "
0 0 22 3 3 #"150"
0 0 25 3 1 #" "
0 0 22 3 3 #"100"
0 0 25 3 1 #" "
0 0 22 3 1 #"'"
0 0 14 3 2 #"up"
0 0 25 3 2 #") "
0 0 25 29 1 #"\n"
0 0 25 3 28 #"                           ("
0 0 14 3 4 #"list"
0 0 25 3 2 #" ("
0 0 14 3 12 #"make-vehicle"
0 0 25 3 1 #" "
0 0 22 3 3 #"150"
0 0 25 3 1 #" "
0 0 22 3 3 #"100"
0 0 25 3 1 #" "
0 0 22 3 1 #"'"
0 0 14 3 4 #"left"
0 0 25 3 1 #" "
0 0 22 3 1 #"'"
0 0 14 3 5 #"plank"
0 0 25 3 5 #")))) "
0 0 25 29 1 #"\n"
0 0 25 3 14 #"              "
0 0 14 3 5 #"false"
0 0 25 3 1 #")"
0 0 25 29 1 #"\n"
0 0 25 29 1 #"\n"
0 0 18 3 25 #";; Player Vset -> Boolean"
0 0 25 29 1 #"\n"
0 0 18 3 66
#";; Detects a collision with the player and any vehicle in the Vset"
0 0 25 29 1 #"\n"
0 0 25 29 1 #"\n"
0 0 25 3 1 #"("
0 0 16 3 6 #"define"
0 0 25 3 2 #" ("
0 0 14 3 22 #"vset-player-collision?"
0 0 25 3 1 #" "
0 0 14 3 6 #"player"
0 0 25 3 1 #" "
0 0 14 3 4 #"vset"
0 0 25 3 1 #")"
0 0 25 29 1 #"\n"
0 0 25 3 3 #"  ("
0 0 16 3 5 #"local"
0 0 25 3 2 #" ("
0 0 18 3 27 #"; Player Vehicle -> Boolean"
0 0 25 29 1 #"\n"
0 0 25 3 10 #"          "
0 0 18 3 36 #"; detects a collision with a vehicle"
0 0 25 29 1 #"\n"
0 0 25 3 11 #"          ("
0 0 16 3 6 #"define"
0 0 25 3 2 #" ("
0 0 14 3 25 #"vehicle-player-collision?"
0 0 25 3 1 #" "
0 0 14 3 6 #"player"
0 0 25 3 1 #" "
0 0 14 3 7 #"vehicle"
0 0 25 3 2 #") "
0 0 25 29 1 #"\n"
0 0 25 3 13 #"            ("
0 0 14 3 3 #"and"
0 0 25 3 2 #" ("
0 0 14 3 2 #"<="
0 0 25 3 2 #" ("
0 0 14 3 3 #"abs"
0 0 25 3 2 #" ("
0 0 14 3 1 #"-"
0 0 25 3 2 #" ("
0 0 14 3 8 #"player-y"
0 0 25 3 1 #" "
0 0 14 3 6 #"player"
0 0 25 3 3 #") ("
0 0 14 3 9 #"vehicle-y"
0 0 25 3 1 #" "
0 0 14 3 7 #"vehicle"
0 0 25 3 4 #"))) "
0 0 25 29 1 #"\n"
0 0 25 3 21 #"                     "
0 0 14 3 25 #"Y-PROXIMITY-FOR-COLLISION"
0 0 25 3 1 #")"
0 0 25 29 1 #"\n"
0 0 25 3 18 #"                 ("
0 0 14 3 2 #"<="
0 0 25 3 2 #" ("
0 0 14 3 3 #"abs"
0 0 25 3 2 #" ("
0 0 14 3 1 #"-"
0 0 25 3 2 #" ("
0 0 14 3 8 #"player-x"
0 0 25 3 1 #" "
0 0 14 3 6 #"player"
0 0 25 3 3 #") ("
0 0 14 3 9 #"vehicle-x"
0 0 25 3 1 #" "
0 0 14 3 7 #"vehicle"
0 0 25 3 4 #"))) "
0 0 25 29 1 #"\n"
0 0 25 3 22 #"                     ("
0 0 14 3 2 #"if"
0 0 25 3 2 #" ("
0 0 14 3 1 #">"
0 0 25 3 2 #" ("
0 0 14 3 1 #"-"
0 0 25 3 2 #" ("
0 0 14 3 8 #"player-y"
0 0 25 3 1 #" "
0 0 14 3 6 #"player"
0 0 25 3 2 #") "
0 0 14 3 11 #"FROG-HEIGHT"
0 0 25 3 2 #") "
0 0 25 29 1 #"\n"
0 0 25 3 28 #"                            "
0 0 14 3 17 #"HALF-WORLD-HEIGHT"
0 0 25 3 2 #") "
0 0 14 3 25 #"X-PROXIMITY-FOR-COLLISION"
0 0 25 3 1 #" "
0 0 25 29 1 #"\n"
0 0 25 3 48 #"                                               ("
0 0 14 3 1 #"/"
0 0 25 3 1 #" "
0 0 14 3 18 #"TURTLE-PLANK-WIDTH"
0 0 25 3 1 #" "
0 0 22 3 1 #"2"
0 0 25 3 6 #"))))))"
0 0 25 29 1 #"\n"
0 0 25 3 5 #"    ("
0 0 16 3 4 #"cond"
0 0 25 29 1 #"\n"
0 0 25 3 8 #"      [("
0 0 14 3 6 #"empty?"
0 0 25 3 1 #" "
0 0 14 3 4 #"vset"
0 0 25 3 2 #") "
0 0 14 3 5 #"false"
0 0 25 3 1 #"]"
0 0 25 29 1 #"\n"
0 0 25 3 7 #"      ["
0 0 14 3 4 #"else"
0 0 25 3 2 #" ("
0 0 14 3 2 #"or"
0 0 25 3 2 #" ("
0 0 14 3 25 #"vehicle-player-collision?"
0 0 25 3 1 #" "
0 0 14 3 6 #"player"
0 0 25 3 2 #" ("
0 0 14 3 5 #"first"
0 0 25 3 1 #" "
0 0 14 3 4 #"vset"
0 0 25 3 2 #"))"
0 0 25 29 1 #"\n"
0 0 25 3 17 #"                ("
0 0 14 3 22 #"vset-player-collision?"
0 0 25 3 1 #" "
0 0 14 3 6 #"player"
0 0 25 3 2 #" ("
0 0 14 3 4 #"rest"
0 0 25 3 1 #" "
0 0 14 3 4 #"vset"
0 0 25 3 7 #")))])))"
0 0 25 29 1 #"\n"
0 0 25 29 1 #"\n"
0 0 18 3 8 #";; tests"
0 0 25 29 1 #"\n"
0 0 25 29 1 #"\n"
0 0 25 3 1 #"("
0 0 14 3 12 #"check-expect"
0 0 25 3 2 #" ("
0 0 14 3 22 #"vset-player-collision?"
0 0 25 3 2 #" ("
0 0 14 3 11 #"make-player"
0 0 25 3 1 #" "
0 0 22 3 2 #"50"
0 0 25 3 1 #" "
0 0 22 3 3 #"300"
0 0 25 3 1 #" "
0 0 22 3 1 #"'"
0 0 14 3 2 #"up"
0 0 25 3 1 #")"
0 0 25 29 1 #"\n"
0 0 25 3 39 #"                                      ("
0 0 14 3 4 #"list"
0 0 25 3 2 #" ("
0 0 14 3 12 #"make-vehicle"
0 0 25 3 1 #" "
0 0 22 3 2 #"50"
0 0 25 3 1 #" "
0 0 22 3 3 #"300"
0 0 25 3 1 #" "
0 0 22 3 1 #"'"
0 0 14 3 4 #"left"
0 0 25 3 1 #" "
0 0 22 3 1 #"'"
0 0 14 3 5 #"truck"
0 0 25 3 4 #"))) "
0 0 25 29 1 #"\n"
0 0 25 3 14 #"              "
0 0 14 3 4 #"true"
0 0 25 3 1 #")"
0 0 25 29 1 #"\n"
0 0 25 3 1 #"("
0 0 14 3 12 #"check-expect"
0 0 25 3 2 #" ("
0 0 14 3 22 #"vset-player-collision?"
0 0 25 3 2 #" ("
0 0 14 3 11 #"make-player"
0 0 25 3 1 #" "
0 0 22 3 3 #"100"
0 0 25 3 1 #" "
0 0 22 3 3 #"100"
0 0 25 3 1 #" "
0 0 22 3 1 #"'"
0 0 14 3 2 #"up"
0 0 25 3 2 #") "
0 0 25 29 1 #"\n"
0 0 25 3 39 #"                                      ("
0 0 14 3 4 #"list"
0 0 25 3 2 #" ("
0 0 14 3 12 #"make-vehicle"
0 0 25 3 1 #" "
0 0 22 3 2 #"25"
0 0 25 3 1 #" "
0 0 22 3 2 #"25"
0 0 25 3 1 #" "
0 0 22 3 1 #"'"
0 0 14 3 4 #"left"
0 0 25 3 1 #" "
0 0 22 3 1 #"'"
0 0 14 3 5 #"truck"
0 0 25 3 4 #"))) "
0 0 25 29 1 #"\n"
0 0 25 3 14 #"              "
0 0 14 3 5 #"false"
0 0 25 3 1 #")"
0 0 25 29 1 #"\n"
0 0 25 3 1 #"("
0 0 14 3 6 #"hopper"
0 0 25 3 1 #" "
0 0 22 3 1 #"6"
0 0 25 3 1 #")"
0           0
